2017-11-21 1.54 0.00 0.00 0.00 4.12 0.00 0.00 0.00
2017-11-22 3.26 0.00 0.02 3.03 2.43 0.00 0.00 0.00
2017-11-23 2.95 0.00 0.24 4.02 2.35 0.00 0.00 0.00
2017-11-24 2.33 0.00 0.32 2.17 2.35 0.00 0.00 0.00
2017-11-25 1.62 0.00 0.10 0.00 2.69 0.00 0.00 5.88
2017-11-26 1.60 0.00 0.15 0.80 2.54 0.00 0.00 0.00
2017-11-27 2.71 0.00 0.26 1.77 2.64 0.00 0.00 0.00
2017-11-28 2.95 0.00 0.42 3.38 2.78 0.00 0.00 0.00
2017-11-29 3.47 0.00 0.52 2.46 3.39 0.00 0.11 7.69
2017-11-30 2.85 0.00 0.13 3.15 2.63 0.00 0.07 5.26
2017-12-1 2.53 0.00 0.22 2.21 2.25 0.00 0.00 8.33
2017-12-2 1.73 0.00 0.23 1.84 2.63 0.00 0.00 15.38
2017-12-3 1.60 0.00 0.50 3.17 2.56 0.00 0.00 0.00
2017-12-4 2.71 0.00 0.31 3.56 2.63 0.00 0.00 0.00
2017-12-5 2.38 0.00 0.51 1.28 2.31 0.00 0.11 0.00
2017-12-6 2.19 0.00 0.44 2.05 2.79 0.00 0.00 0.00
2017-12-7 2.22 0.00 0.46 0.54 2.27 0.00 0.00 9.09
2017-12-8 1.69 0.00 0.51 3.18 2.40 0.00 0.05 6.25
2017-12-9 1.21 0.00 0.32 1.04 2.16 0.00 0.05 0.00
2017-12-10 1.39 0.00 0.50 1.31 2.60 0.00 0.00 6.25
2017-12-11 2.40 0.00 0.33 0.88 2.35 0.00 0.00 0.00
2017-12-12 2.32 0.00 0.48 3.37 2.04 0.00 0.00 9.09
2017-12-13 2.15 0.00 0.45 2.08 2.95 0.00 0.00 0.00
2017-12-14 2.00 0.00 0.62 3.52 2.40 0.00 0.00 0.00
2017-12-15 1.73 0.00 0.64 1.23 2.39 0.00 0.00 0.00
2017-12-16 0.97 0.00 0.73 0.81 2.26 0.00 0.00 0.00
2017-12-17 0.82 0.00 0.44 0.75 2.35 0.00 0.00 0.00
2017-12-18 1.98 0.00 0.43 0.42 2.41 0.00 0.00 0.00
2017-12-19 1.89 0.00 0.69 0.75 2.15 0.00 0.00 8.33
2017-12-20 1.66 0.00 0.55 2.65 2.44 0.00 0.11 0.00
2017-12-21 1.87 0.00 0.52 2.10 2.18 0.00 0.00 0.00
2017-12-22 1.57 0.00 0.51 2.30 2.45 0.00 0.00 16.67
2017-12-23 1.71 0.00 0.29 1.07 2.60 0.00 0.00 8.33
2017-12-24 2.15 0.00 0.51 0.00 3.09 0.00 0.00 0.00
2017-12-25 1.95 0.00 0.31 2.34 2.28 0.00 0.13 0.00
2017-12-26 1.22 0.00 0.44 1.20 1.88 0.00 0.00 0.00
2017-12-27 1.45 0.00 0.50 0.00 2.40 0.00 0.00 0.00
2017-12-28 1.78 0.00 0.36 0.94 2.28 0.00 0.00 0.00
2017-12-29 1.62 0.00 0.64 2.46 2.53 0.00 0.00 0.00
2017-12-30 1.84 0.00 0.36 1.16 2.06 0.00 0.00 0.00
2017-12-31 1.89 0.00 0.32 0.71 2.30 0.00 0.00 0.00
2018-1-1 0.88 0.00 0.00 0.00 0.00 0.00 0.00 0.00
2018-1-2 0.00 0.00 0.00 0.00 0.00 0.00 0.00 0.00
2018-1-3 0.00 0.00 0.00 0.00 0.00 0.00 0.00 0.00
2018-1-4 0.00 0.00 0.00 0.00 0.00 0.00 0.00 0.00
2018-1-5 0.00 0.00 0.00 0.00 0.00 0.00 0.00 0.00
2018-1-6 2.29 0.00 0.76 3.50 2.40 0.00 0.00 14.29
2018-1-7 2.21 0.00 0.24 2.42 2.97 0.00 0.00 0.00
2018-1-8 3.68 0.00 0.52 2.99 3.15 0.00 0.22 0.00
2018-1-9 2.56 0.00 0.56 0.47 2.35 0.00 0.08 7.69
2018-1-10 2.49 0.00 0.38 4.76 2.22 0.00 0.00 0.00
2018-1-11 1.65 0.00 0.39 0.67 2.45 0.00 0.06 0.00
2018-1-12 1.76 0.00 0.41 2.32 2.00 0.00 0.00 0.00
2018-1-13 1.13 0.00 0.84 0.00 2.58 0.00 0.00 0.00
2018-1-14 1.40 0.00 0.42 2.63 2.63 0.00 0.00 0.00
2018-1-15 2.01 0.00 0.96 0.00 2.77 0.00 0.00 0.00
2018-1-16 2.20 0.00 0.60 0.42 2.43 0.00 0.00 0.00
2018-1-17 1.78 0.00 0.43 2.68 2.14 0.00 0.00 0.00
2018-1-18 1.98 0.00 0.61 1.22 2.40 0.00 0.00 0.00
2018-1-19 1.89 0.00 0.61 2.39 2.49 0.00 0.00 0.00
2018-1-20 1.07 0.00 0.51 1.71 2.24 0.00 0.00 0.00
2018-1-21 1.23 0.00 0.42 0.78 2.42 0.00 0.00 0.00
2018-1-22 2.33 0.00 0.57 2.29 2.43 0.00 0.00 0.00
2018-1-23 2.11 0.00 0.57 2.62 2.33 0.00 0.07 0.00
2018-1-24 3.72 0.00 0.25 5.17 3.34 0.00 0.00 0.00
2018-1-25 2.75 0.00 0.56 1.42 2.60 0.00 0.00 0.00
2018-1-26 1.87 0.00 0.75 2.17 2.39 0.00 0.00 0.00
2018-1-27 1.75 0.00 0.74 1.02 2.24 0.00 0.00 0.00
2018-1-28 2.07 0.00 0.83 2.20 2.73 0.00 0.00 0.00
2018-1-29 3.45 0.00 0.81 3.92 2.49 0.00 0.00 0.00
2018-1-30 2.67 0.00 0.72 2.48 2.46 0.00 0.00 0.00
2018-1-31 2.70 0.00 0.74 1.90 2.50 0.00 0.00 0.00
2018-2-1 2.60 0.00 0.65 5.00 2.84 0.00 0.00 0.00
2018-2-2 2.96 0.00 0.73 3.79 2.62 0.00 0.00 0.00
2018-2-3 2.00 0.00 0.76 2.94 2.80 0.00 0.10 0.00
2018-2-4 1.70 0.00 0.60 2.08 2.35 0.00 0.00 10.00
2018-2-5 3.41 0.00 0.77 4.27 2.87 0.00 0.00 0.00
2018-2-6 3.44 0.00 0.53 4.17 2.89 0.00 0.00 0.00
2018-2-7 3.28 0.00 0.67 4.76 2.92 0.00 0.00 0.00
2018-2-8 3.45 0.00 0.86 2.38 2.92 0.00 0.00 0.00
2018-2-9 3.03 0.00 0.71 0.64 2.77 0.00 0.14 0.00
2018-2-10 2.13 0.00 0.57 0.66 2.65 0.00 0.12 0.00
2018-2-11 2.36 0.00 0.24 2.82 2.38 0.00 0.14 0.00
2018-2-12 3.96 0.00 0.87 4.35 2.89 0.00 0.00 0.00
2018-2-13 3.62 0.00 0.54 2.27 2.06 0.00 0.00 0.00
2018-2-14 2.86 0.00 0.44 4.04 2.94 0.00 0.38 0.00
2018-2-15 3.64 0.00 0.91 3.31 2.89 0.00 0.00 0.00
2018-2-16 2.96 0.00 0.87 2.40 2.78 0.00 0.18 0.00
2018-2-17 2.05 0.00 0.52 3.27 1.80 0.00 0.00 0.00
2018-2-18 1.99 0.00 0.44 4.48 2.25 0.00 0.00 0.00
2018-2-19 3.53 0.00 0.40 1.64 3.06 0.00 0.20 0.00
2018-2-20 3.40 0.00 1.08 0.00 4.10 0.00 0.00 0.00
2018-2-21 0.00 0.00 0.00 0.00 0.00 0.00 0.00 0.00
2018-2-22 0.00 0.00 0.00 0.00 0.00 0.00 0.00 0.00
2018-2-23 0.00 0.00 0.00 0.00 0.00 0.00 0.00 0.00
