2017-11-21 30.26 0.00 26.98 22.22 30.93 9.09 47.62 100.00
2017-11-22 33.50 0.00 31.16 39.02 30.33 33.48 44.32 41.18
2017-11-23 31.83 0.00 32.04 33.48 29.75 35.58 47.35 31.58
2017-11-24 33.01 0.00 31.83 36.52 32.48 34.52 46.35 35.29
2017-11-25 32.89 0.00 27.95 35.35 31.11 36.68 44.79 41.18
2017-11-26 34.24 0.00 30.16 37.60 31.25 33.57 43.76 37.50
2017-11-27 30.99 0.00 32.52 35.46 31.66 35.16 39.26 7.14
2017-11-28 29.45 0.00 32.81 32.49 32.10 35.55 39.67 50.00
2017-11-29 29.82 0.00 31.21 30.05 31.08 31.74 38.82 30.77
2017-11-30 31.20 0.00 29.98 33.78 29.85 33.27 39.51 15.79
2017-12-1 29.31 0.00 28.27 30.51 29.50 30.51 37.14 33.33
2017-12-2 31.18 0.00 28.48 33.64 30.29 36.79 40.28 53.85
2017-12-3 31.08 0.00 29.49 30.95 30.67 35.32 36.59 11.11
2017-12-4 29.05 0.00 31.43 29.89 29.83 31.44 37.29 33.33
2017-12-5 29.35 0.00 30.89 30.03 29.61 32.42 35.20 25.00
2017-12-6 28.55 0.00 29.67 30.82 29.00 27.18 32.51 20.00
2017-12-7 26.49 0.00 26.06 24.86 25.17 27.24 26.33 36.36
2017-12-8 28.53 0.00 28.90 30.74 28.35 26.79 34.42 37.50
2017-12-9 29.48 0.00 28.79 24.91 29.69 27.91 33.04 22.22
2017-12-10 29.48 0.00 30.85 38.24 28.88 30.80 31.44 37.50
2017-12-11 28.34 0.00 30.61 31.96 29.44 31.36 34.15 14.29
2017-12-12 26.90 0.00 25.36 32.69 26.61 24.00 31.77 36.36
2017-12-13 29.12 0.00 28.53 30.42 30.56 28.64 36.09 30.00
2017-12-14 26.72 0.00 23.14 32.39 26.44 20.26 27.44 25.00
2017-12-15 29.95 0.00 27.63 34.57 28.72 30.19 33.57 0.00
2017-12-16 31.22 0.00 26.49 30.77 30.41 29.07 36.08 33.33
2017-12-17 30.50 0.00 26.51 27.61 30.28 27.43 33.33 33.33
2017-12-18 31.03 0.00 29.10 29.29 29.61 29.89 34.11 63.64
2017-12-19 30.28 0.00 28.20 27.92 30.79 28.19 36.40 41.67
2017-12-20 29.52 0.00 28.87 30.68 33.72 30.84 38.93 27.78
2017-12-21 29.61 0.00 27.76 31.12 29.26 32.66 35.59 29.41
2017-12-22 29.38 0.00 27.18 26.97 28.81 30.02 36.09 16.67
2017-12-23 30.45 0.00 26.13 25.13 28.88 29.17 35.45 50.00
2017-12-24 29.09 0.00 28.74 19.10 30.02 31.66 36.09 28.57
2017-12-25 31.15 0.00 32.19 35.16 30.25 29.71 32.98 27.27
2017-12-26 29.47 0.00 29.55 26.00 27.99 27.34 33.66 23.08
2017-12-27 26.41 0.00 26.31 28.12 28.11 26.06 30.69 60.00
2017-12-28 28.83 0.00 33.24 31.13 31.19 31.50 37.47 21.05
2017-12-29 28.24 0.00 33.33 32.39 28.44 28.91 33.23 36.84
2017-12-30 28.83 0.00 36.89 29.48 30.11 30.62 36.12 25.00
2017-12-31 30.04 0.00 39.85 24.11 27.99 30.66 34.79 40.00
2018-1-1 19.30 0.00 51.81 0.00 21.31 0.00 42.86 0.00
2018-1-2 0.00 0.00 0.00 0.00 0.00 0.00 0.00 0.00
2018-1-3 0.00 0.00 0.00 0.00 0.00 0.00 0.00 0.00
2018-1-4 0.00 0.00 0.00 0.00 0.00 0.00 0.00 0.00
2018-1-5 0.00 0.00 0.00 0.00 0.00 0.00 0.00 0.00
2018-1-6 28.95 0.00 43.72 32.17 31.24 27.60 38.43 28.57
2018-1-7 30.37 0.00 43.01 36.29 30.34 28.57 38.90 40.00
2018-1-8 27.07 0.00 41.91 36.57 31.30 33.46 34.13 27.27
2018-1-9 29.85 0.00 34.97 35.38 30.01 29.67 38.04 30.77
2018-1-10 28.44 0.00 34.77 29.05 29.40 23.77 32.94 30.00
2018-1-11 28.62 0.00 31.21 25.25 30.26 27.64 34.11 22.22
2018-1-12 28.18 0.00 32.39 24.32 30.08 23.22 31.87 25.00
2018-1-13 30.44 0.00 33.16 34.86 30.68 28.78 33.96 11.11
2018-1-14 28.51 0.00 28.23 30.26 29.98 28.27 28.22 10.00
2018-1-15 26.05 0.00 28.30 19.65 29.47 23.64 28.27 20.00
2018-1-16 25.98 0.00 29.81 23.43 28.74 24.46 28.94 21.43
2018-1-17 24.66 0.00 34.17 32.95 28.30 24.85 28.92 44.44
2018-1-18 26.40 0.00 31.58 29.27 28.53 21.16 29.06 16.67
2018-1-19 28.08 0.00 32.31 31.87 30.24 26.52 34.47 27.27
2018-1-20 30.70 0.00 35.18 32.05 31.27 26.67 36.89 35.71
2018-1-21 26.71 0.00 33.43 25.29 29.85 26.22 29.04 31.25
2018-1-22 23.73 0.00 28.59 21.10 26.79 23.51 25.92 22.22
2018-1-23 23.64 0.00 26.37 23.60 25.84 22.63 25.45 28.57
2018-1-24 23.61 0.00 33.32 31.03 25.62 23.76 23.11 66.67
2018-1-25 22.66 0.00 23.90 26.89 27.79 21.00 23.36 0.00
2018-1-26 24.98 0.00 25.84 27.83 25.46 21.79 30.24 44.44
2018-1-27 26.45 0.00 29.81 31.63 27.83 23.18 29.13 14.29
2018-1-28 29.48 0.00 30.33 30.22 30.42 27.15 31.74 0.00
2018-1-29 24.64 0.00 30.74 21.57 30.37 24.18 28.60 37.50
2018-1-30 25.46 0.00 28.08 29.70 30.78 23.97 34.32 29.41
2018-1-31 24.41 0.00 27.78 26.07 28.59 24.66 29.03 20.00
2018-2-1 24.03 0.00 26.63 30.00 30.28 22.40 28.59 22.22
2018-2-2 23.72 100.00 24.86 29.55 28.09 19.58 25.47 25.00
2018-2-3 29.18 0.00 28.72 31.18 30.95 25.84 29.51 66.67
2018-2-4 26.24 0.00 29.36 30.21 29.10 23.97 25.41 40.00
2018-2-5 23.54 0.00 24.67 27.44 27.10 25.30 22.07 25.00
2018-2-6 23.83 0.00 21.99 26.67 27.78 24.14 21.53 16.67
2018-2-7 25.17 0.00 22.51 34.92 28.59 24.48 28.46 40.00
2018-2-8 24.45 0.00 23.25 32.54 27.92 26.16 23.55 0.00
2018-2-9 24.89 0.00 26.94 32.05 27.69 23.51 25.81 40.00
2018-2-10 25.77 0.00 24.27 20.53 29.46 21.57 25.67 53.85
2018-2-11 26.89 0.00 26.81 24.65 28.01 23.73 26.89 33.33
2018-2-12 24.58 0.00 21.66 19.13 28.46 22.76 19.67 16.67
2018-2-13 24.62 0.00 24.04 30.30 25.84 22.34 22.90 25.00
2018-2-14 23.48 0.00 23.38 26.26 27.72 24.32 20.64 25.00
2018-2-15 22.93 0.00 23.91 23.97 26.41 23.78 24.73 0.00
2018-2-16 22.64 0.00 18.87 22.40 27.91 22.54 25.00 0.00
2018-2-17 24.99 0.00 21.40 26.80 27.20 21.19 26.00 0.00
2018-2-18 24.37 0.00 17.17 24.63 26.47 19.75 22.89 20.00
2018-2-19 23.27 0.00 19.51 13.93 25.56 20.56 21.34 0.00
2018-2-20 22.64 0.00 18.92 25.00 26.42 24.60 22.58 50.00
2018-2-21 0.00 0.00 0.00 0.00 0.00 0.00 0.00 0.00
2018-2-22 0.00 0.00 0.00 0.00 0.00 0.00 0.00 0.00
2018-2-23 0.00 0.00 0.00 0.00 0.00 0.00 0.00 0.00
