2017-11-21 0.64 0.00 0.00 0.00 0.00 0.00 5.26 0.00
2017-11-22 0.61 0.00 0.07 0.87 0.04 10.49 0.17 6.67
2017-11-23 0.47 0.00 0.07 0.00 0.10 10.93 0.56 0.00
2017-11-24 0.41 0.00 0.12 0.00 0.22 12.47 0.50 7.14
2017-11-25 0.63 0.00 0.06 0.54 0.11 13.42 0.60 7.14
2017-11-26 0.57 0.00 0.07 0.00 0.14 13.21 0.50 0.00
2017-11-27 0.57 0.00 0.08 0.40 0.30 9.82 0.44 0.00
2017-11-28 0.70 0.00 0.10 0.00 0.17 10.13 0.41 0.00
2017-11-29 0.69 0.00 0.16 0.55 0.21 12.06 0.26 0.00
2017-11-30 0.78 0.00 0.05 0.50 0.20 12.29 0.90 0.00
2017-12-1 0.63 0.00 0.06 0.00 0.19 9.74 0.53 0.00
2017-12-2 0.55 0.00 0.09 0.00 0.24 14.82 0.41 0.00
2017-12-3 0.75 0.00 0.05 0.45 0.36 11.75 0.40 0.00
2017-12-4 0.58 0.00 0.04 0.81 0.16 9.49 0.99 0.00
2017-12-5 0.61 0.00 0.11 0.74 0.22 10.16 0.96 0.00
2017-12-6 0.65 0.00 0.13 1.99 0.27 8.12 0.66 0.00
2017-12-7 1.38 0.00 0.03 0.00 1.04 6.67 0.59 0.00
2017-12-8 1.99 0.00 0.15 0.00 1.30 8.82 0.35 0.00
2017-12-9 3.01 0.00 0.03 0.40 0.94 9.72 0.24 0.00
2017-12-10 3.23 0.00 0.13 0.37 1.04 7.91 0.65 0.00
2017-12-11 3.32 0.00 0.16 0.67 1.51 7.20 0.45 0.00
2017-12-12 4.26 0.00 0.09 0.63 1.25 6.69 0.09 0.00
2017-12-13 6.12 0.00 0.02 0.48 1.22 7.31 0.22 0.00
2017-12-14 7.35 0.00 0.05 2.00 0.94 4.07 0.13 0.00
2017-12-15 10.76 0.00 0.18 0.00 1.38 11.19 0.27 0.00
2017-12-16 8.55 0.00 0.06 0.52 1.41 7.92 0.75 0.00
2017-12-17 7.80 0.00 0.05 2.06 0.93 7.69 0.61 0.00
2017-12-18 11.38 0.00 0.16 0.00 1.72 8.13 1.18 0.00
2017-12-19 9.69 0.00 0.17 0.44 1.54 7.80 0.84 0.00
2017-12-20 9.22 0.00 0.12 1.75 1.74 6.73 0.71 0.00
2017-12-21 8.01 0.00 0.10 0.40 1.51 7.05 0.22 0.00
2017-12-22 7.14 0.00 0.12 0.37 1.20 8.22 0.59 0.00
2017-12-23 5.96 0.00 0.08 0.00 1.26 10.34 1.04 0.00
2017-12-24 5.92 0.00 0.00 0.00 0.96 8.51 1.67 0.00
2017-12-25 6.56 0.00 0.00 0.00 1.05 7.57 0.16 0.00
2017-12-26 5.87 0.00 0.15 0.93 0.93 8.76 0.33 0.00
2017-12-27 5.68 0.00 0.20 0.00 1.14 6.25 0.45 0.00
2017-12-28 5.27 0.00 0.09 0.36 1.36 7.45 0.62 7.69
2017-12-29 5.04 0.00 0.05 0.79 0.99 7.14 0.73 7.14
2017-12-30 4.71 0.00 0.14 0.65 1.37 9.70 0.96 0.00
2017-12-31 3.90 0.00 0.04 0.81 1.12 8.84 0.62 0.00
2018-1-1 7.50 0.00 0.00 0.00 0.00 25.00 0.00 0.00
2018-1-2 0.00 0.00 0.00 0.00 0.00 0.00 0.00 0.00
2018-1-3 0.00 0.00 0.00 0.00 0.00 0.00 0.00 0.00
2018-1-4 0.00 0.00 0.00 0.00 0.00 0.00 0.00 0.00
2018-1-5 0.00 0.00 0.00 0.00 0.00 0.00 0.00 0.00
2018-1-6 4.47 0.00 0.11 2.38 1.41 7.98 1.21 0.00
2018-1-7 4.21 0.00 0.07 2.63 0.92 8.52 0.36 0.00
2018-1-8 5.29 0.00 0.07 4.50 2.48 5.94 0.26 0.00
2018-1-9 4.99 0.00 0.19 1.62 1.64 7.00 0.51 0.00
2018-1-10 4.17 0.00 0.10 1.85 1.23 4.26 0.68 0.00
2018-1-11 4.03 0.00 0.18 3.09 1.35 5.22 0.56 0.00
2018-1-12 4.16 0.00 0.12 5.53 1.16 3.62 0.77 0.00
2018-1-13 3.95 0.00 0.18 10.13 1.02 6.67 0.65 0.00
2018-1-14 4.06 0.00 0.09 12.78 1.40 8.17 0.49 0.00
2018-1-15 3.97 0.00 0.14 22.83 1.23 4.32 0.40 0.00
2018-1-16 3.41 0.00 0.09 18.56 1.42 3.94 0.72 0.00
2018-1-17 4.15 0.00 0.11 15.12 1.31 3.94 1.21 0.00
2018-1-18 4.12 0.00 0.07 10.55 1.28 3.40 0.75 0.00
2018-1-19 4.88 0.00 0.11 11.59 1.51 4.24 0.49 0.00
2018-1-20 3.75 0.00 0.18 16.34 1.13 5.39 0.86 0.00
2018-1-21 3.64 0.00 0.07 14.08 0.84 4.52 0.44 0.00
2018-1-22 3.40 0.00 0.06 10.84 1.22 1.91 1.01 0.00
2018-1-23 3.85 0.00 0.11 10.11 1.15 2.63 0.99 0.00
2018-1-24 3.14 0.00 0.28 10.53 1.61 4.14 0.44 0.00
2018-1-25 3.48 0.00 0.27 14.19 1.61 1.83 0.90 0.00
2018-1-26 3.55 0.00 0.40 16.22 1.11 4.13 0.66 0.00
2018-1-27 4.23 0.00 0.35 10.96 1.60 3.61 0.67 0.00
2018-1-28 3.19 0.00 0.33 9.15 0.90 4.75 0.54 0.00
2018-1-29 3.25 0.00 0.23 4.24 1.81 3.50 0.75 0.00
2018-1-30 2.49 0.00 0.73 10.26 1.23 3.09 0.36 0.00
2018-1-31 3.34 0.00 0.47 11.52 1.18 2.97 1.14 0.00
2018-2-1 2.89 0.00 0.92 5.65 1.23 2.12 0.00 0.00
2018-2-2 2.88 0.00 1.04 14.14 1.60 3.80 1.12 0.00
2018-2-3 2.70 0.00 0.72 3.68 1.52 4.56 0.82 0.00
2018-2-4 2.35 0.00 0.58 5.04 1.22 4.44 1.67 0.00
2018-2-5 2.82 0.00 0.23 7.21 1.06 2.99 0.25 33.33
2018-2-6 2.02 0.00 0.60 5.06 1.25 4.20 1.04 0.00
2018-2-7 2.80 0.00 0.56 2.27 1.58 5.05 3.14 0.00
2018-2-8 1.77 0.00 0.19 6.32 1.26 2.94 2.00 0.00
2018-2-9 1.99 0.00 0.67 6.25 1.50 1.88 1.26 0.00
2018-2-10 2.80 0.00 0.61 7.22 1.22 3.03 0.97 0.00
2018-2-11 2.64 0.00 0.48 8.41 1.67 2.76 1.03 0.00
2018-2-12 1.57 0.00 0.35 4.29 1.56 2.70 1.09 0.00
2018-2-13 2.31 0.00 0.63 7.92 1.98 2.63 0.98 0.00
2018-2-14 1.80 0.00 0.35 1.45 1.30 3.93 0.96 0.00
2018-2-15 2.04 0.00 0.68 1.18 1.24 1.97 0.28 0.00
2018-2-16 1.52 0.00 0.84 2.53 1.37 3.09 1.14 0.00
2018-2-17 1.98 0.00 0.61 7.96 1.06 2.94 1.34 25.00
2018-2-18 1.69 0.00 0.26 6.41 1.29 6.14 1.33 0.00
2018-2-19 1.70 0.00 0.37 4.11 1.69 2.75 2.90 0.00
2018-2-20 1.80 0.00 0.36 2.04 1.63 3.12 0.54 0.00
2018-2-21 0.00 0.00 0.00 0.00 0.00 0.00 0.00 0.00
2018-2-22 0.00 0.00 0.00 0.00 0.00 0.00 0.00 0.00
2018-2-23 0.00 0.00 0.00 0.00 0.00 0.00 0.00 0.00
