2017-11-21 0.00 0.00 3.17 0.00 3.09 0.00 0.00 0.00
2017-11-22 0.22 0.00 3.82 0.00 4.22 0.00 0.00 0.00
2017-11-23 0.26 0.00 4.28 0.00 3.61 0.00 0.00 0.00
2017-11-24 0.30 0.00 4.77 0.00 3.32 0.14 0.00 0.00
2017-11-25 0.14 0.00 4.17 0.00 3.17 0.28 0.00 0.00
2017-11-26 0.15 0.00 3.77 0.00 2.85 0.00 0.00 0.00
2017-11-27 0.32 0.00 5.57 0.00 3.08 0.14 0.00 0.00
2017-11-28 0.37 0.00 5.55 0.00 3.68 0.48 0.00 0.00
2017-11-29 0.55 0.00 6.28 0.00 3.72 0.33 0.00 0.00
2017-11-30 0.29 0.00 5.21 0.00 3.13 0.10 0.00 0.00
2017-12-1 0.47 0.00 5.59 1.10 2.74 0.17 0.00 0.00
2017-12-2 0.32 0.00 4.19 0.00 3.11 0.89 0.00 0.00
2017-12-3 0.37 0.00 4.61 0.00 2.73 0.29 0.00 5.56
2017-12-4 0.62 0.00 5.88 0.36 3.14 0.32 0.00 0.00
2017-12-5 0.59 0.00 5.77 0.64 2.67 0.14 0.00 0.00
2017-12-6 0.54 0.00 5.29 0.34 2.34 0.00 0.00 0.00
2017-12-7 0.66 0.00 5.52 1.08 1.89 0.32 0.00 0.00
2017-12-8 0.46 0.00 5.25 0.71 2.45 0.27 0.00 0.00
2017-12-9 0.44 0.00 4.60 0.69 2.10 0.31 0.00 0.00
2017-12-10 0.48 0.00 4.92 1.31 2.15 0.31 0.00 0.00
2017-12-11 0.71 0.00 5.98 0.59 2.40 0.38 0.00 0.00
2017-12-12 0.85 0.00 5.09 0.48 2.28 0.53 0.00 0.00
2017-12-13 0.80 0.00 4.95 0.00 2.76 0.67 0.00 0.00
2017-12-14 0.52 0.00 5.30 0.00 1.67 0.86 0.00 0.00
2017-12-15 0.56 0.00 5.25 1.23 2.74 1.26 0.00 0.00
2017-12-16 0.42 0.00 4.91 0.81 1.89 1.11 0.00 0.00
2017-12-17 0.34 0.00 5.07 1.49 2.16 0.88 0.00 0.00
2017-12-18 0.69 0.00 6.14 1.26 2.55 0.68 0.00 0.00
2017-12-19 0.72 0.00 5.75 1.13 2.22 0.62 0.00 0.00
2017-12-20 0.85 0.00 5.87 1.77 2.98 1.01 0.00 0.00
2017-12-21 0.87 0.00 5.88 1.05 2.34 0.96 0.00 0.00
2017-12-22 0.71 0.00 5.45 0.66 2.38 0.57 0.00 0.00
2017-12-23 0.81 0.00 4.65 1.07 2.32 0.79 0.00 0.00
2017-12-24 0.40 0.00 4.98 0.00 2.87 0.50 0.00 0.00
2017-12-25 0.49 0.00 4.88 0.78 2.04 0.36 0.00 0.00
2017-12-26 0.67 0.00 4.51 1.20 1.81 0.53 0.00 0.00
2017-12-27 0.86 0.00 4.67 0.62 1.66 0.70 0.00 0.00
2017-12-28 0.85 0.00 4.65 0.31 3.27 0.86 0.00 0.00
2017-12-29 0.71 0.00 4.18 0.70 2.39 0.26 0.00 5.26
2017-12-30 0.71 0.00 3.91 1.73 3.08 0.00 0.00 0.00
2017-12-31 0.57 0.00 3.38 0.00 1.83 0.36 0.00 0.00
2018-1-1 0.00 0.00 3.61 0.00 0.00 0.00 0.00 0.00
2018-1-2 0.00 0.00 0.00 0.00 0.00 0.00 0.00 0.00
2018-1-3 0.00 0.00 0.00 0.00 0.00 0.00 0.00 0.00
2018-1-4 0.00 0.00 0.00 0.00 0.00 0.00 0.00 0.00
2018-1-5 0.00 0.00 0.00 0.00 0.00 0.00 0.00 0.00
2018-1-6 0.86 0.00 3.44 1.40 3.97 0.36 0.00 0.00
2018-1-7 0.66 0.00 4.50 1.61 3.48 0.35 0.00 0.00
2018-1-8 1.18 0.00 5.28 2.24 5.81 0.58 0.22 0.00
2018-1-9 1.14 0.00 5.33 1.42 3.00 1.09 0.00 0.00
2018-1-10 3.04 0.00 6.86 1.90 2.71 1.60 0.00 0.00
2018-1-11 3.72 0.00 7.97 7.74 2.36 5.54 0.00 0.00
2018-1-12 3.50 0.00 7.88 5.02 2.05 6.73 0.06 0.00
2018-1-13 3.34 0.00 8.99 5.99 1.64 7.75 0.00 0.00
2018-1-14 2.75 0.00 7.97 5.26 1.89 6.44 0.00 0.00
2018-1-15 2.98 0.00 8.96 4.05 2.01 6.33 0.00 0.00
2018-1-16 3.23 0.00 8.46 5.44 2.14 5.08 0.00 7.14
2018-1-17 2.65 0.00 8.11 3.83 2.03 7.81 0.00 0.00
2018-1-18 2.38 0.00 7.04 3.25 2.02 5.29 0.00 0.00
2018-1-19 2.58 0.00 7.84 3.59 2.05 6.36 0.00 0.00
2018-1-20 2.08 0.00 6.09 2.56 1.82 6.98 0.00 7.14
2018-1-21 2.18 0.00 6.74 3.89 1.61 4.17 0.00 0.00
2018-1-22 2.43 0.00 7.14 4.13 1.86 6.10 0.00 0.00
2018-1-23 2.35 0.00 7.93 3.37 1.59 6.58 0.00 0.00
2018-1-24 2.46 0.00 7.42 4.31 2.99 7.47 0.00 0.00
2018-1-25 2.45 0.00 7.94 1.89 2.27 4.82 0.00 0.00
2018-1-26 2.91 0.00 8.06 4.78 2.02 7.81 0.08 0.00
2018-1-27 2.43 0.00 9.17 3.06 1.96 5.98 0.00 14.29
2018-1-28 2.27 0.00 7.91 2.20 2.53 7.73 0.00 0.00
2018-1-29 2.55 0.00 9.06 2.61 3.43 10.61 0.00 0.00
2018-1-30 1.94 0.00 8.17 1.98 2.17 5.39 0.00 0.00
2018-1-31 2.22 0.00 7.96 3.32 1.86 7.89 0.00 0.00
2018-2-1 1.95 0.00 8.97 1.88 1.75 5.03 0.00 11.11
2018-2-2 2.42 100.00 7.94 1.52 1.43 4.48 0.00 0.00
2018-2-3 1.61 0.00 7.36 1.18 1.61 2.90 0.00 0.00
2018-2-4 1.30 0.00 7.84 2.60 1.42 2.16 0.00 0.00
2018-2-5 1.76 0.00 8.48 3.05 2.02 7.47 0.00 0.00
2018-2-6 2.16 0.00 7.54 2.50 2.93 4.39 0.00 0.00
2018-2-7 1.82 0.00 7.67 2.38 1.81 3.15 0.00 0.00
2018-2-8 1.89 0.00 7.59 3.17 2.32 6.69 0.00 0.00
2018-2-9 1.78 0.00 8.17 1.28 2.24 5.15 0.00 0.00
2018-2-10 1.59 0.00 7.83 3.31 1.51 4.90 0.00 0.00
2018-2-11 1.52 0.00 8.24 2.11 1.63 5.42 0.00 0.00
2018-2-12 1.48 0.00 6.19 2.61 1.94 5.52 0.00 0.00
2018-2-13 2.07 0.00 7.74 3.03 2.36 5.71 0.00 0.00
2018-2-14 1.44 0.00 8.95 0.00 2.43 3.47 0.00 0.00
2018-2-15 1.80 0.00 7.81 1.65 2.40 6.29 0.00 0.00
2018-2-16 1.49 0.00 6.19 1.60 2.16 4.58 0.00 0.00
2018-2-17 1.10 0.00 5.87 0.65 1.54 4.09 0.00 0.00
2018-2-18 1.25 0.00 4.89 0.75 1.61 1.23 0.00 0.00
2018-2-19 1.35 0.00 7.78 1.64 1.98 6.23 0.00 0.00
2018-2-20 1.66 0.00 6.24 1.39 3.14 9.63 0.00 0.00
2018-2-21 0.00 0.00 0.00 0.00 0.00 0.00 0.00 0.00
2018-2-22 0.00 0.00 0.00 0.00 0.00 0.00 0.00 0.00
2018-2-23 0.00 0.00 0.00 0.00 0.00 0.00 0.00 0.00
