2017-11-21 0.00 0.00 0.00 0.00 0.00 0.00 0.00 0.00
2017-11-22 0.08 0.00 0.00 0.00 0.00 0.00 0.15 0.00
2017-11-23 0.18 0.00 0.00 0.45 0.00 0.00 0.65 0.00
2017-11-24 0.18 0.00 0.04 0.00 0.00 0.00 0.23 0.00
2017-11-25 0.23 0.00 0.03 0.00 0.00 0.28 0.34 0.00
2017-11-26 0.17 0.00 0.02 0.00 0.00 0.00 0.25 0.00
2017-11-27 0.56 0.00 0.04 0.71 0.00 0.00 0.06 0.00
2017-11-28 0.38 0.00 0.00 0.84 0.04 0.00 0.15 0.00
2017-11-29 0.45 0.00 0.02 0.49 0.00 0.11 0.23 0.00
2017-11-30 0.33 0.00 0.04 0.00 0.02 0.00 0.20 0.00
2017-12-1 0.31 0.00 0.02 0.00 0.02 0.09 0.00 0.00
2017-12-2 0.19 0.00 0.06 0.00 0.02 0.00 0.30 0.00
2017-12-3 0.31 0.00 0.11 0.40 0.02 0.29 0.30 0.00
2017-12-4 0.43 0.00 0.06 0.00 0.02 0.08 0.07 0.00
2017-12-5 0.38 0.00 0.07 0.64 0.00 0.00 0.27 0.00
2017-12-6 0.30 0.00 0.06 0.34 0.03 0.00 0.25 0.00
2017-12-7 0.50 0.00 0.11 0.00 0.05 0.00 0.07 0.00
2017-12-8 0.34 0.00 0.04 0.00 0.00 0.00 0.36 0.00
2017-12-9 0.34 0.00 0.05 0.00 0.00 0.15 0.26 0.00
2017-12-10 0.32 0.00 0.09 0.00 0.02 0.00 0.06 0.00
2017-12-11 0.39 0.00 0.09 0.29 0.03 0.13 0.33 0.00
2017-12-12 0.46 0.00 0.03 0.00 0.02 0.13 0.07 0.00
2017-12-13 0.23 0.00 0.04 0.42 0.00 0.00 0.24 0.00
2017-12-14 0.63 0.00 0.04 0.00 0.00 0.22 0.28 0.00
2017-12-15 0.26 0.00 0.08 1.23 0.00 0.63 0.00 0.00
2017-12-16 0.35 0.00 0.05 0.00 0.00 0.00 0.28 0.00
2017-12-17 0.45 0.00 0.04 0.00 0.03 0.00 0.18 0.00
2017-12-18 0.50 0.00 0.05 0.00 0.02 0.19 0.21 0.00
2017-12-19 0.49 0.00 0.08 0.38 0.02 0.09 0.31 0.00
2017-12-20 0.40 0.00 0.09 0.00 0.01 0.27 0.22 0.00
2017-12-21 0.38 0.00 0.06 0.00 0.00 0.26 0.36 0.00
2017-12-22 0.45 0.00 0.09 0.33 0.02 0.00 0.40 0.00
2017-12-23 0.53 0.00 0.04 0.53 0.03 0.00 0.34 0.00
2017-12-24 0.56 0.00 0.00 0.00 0.00 0.00 0.23 0.00
2017-12-25 0.41 0.00 0.15 0.00 0.00 0.00 0.27 0.00
2017-12-26 0.38 0.00 0.12 0.00 0.01 0.18 0.46 0.00
2017-12-27 0.55 0.00 0.03 0.00 0.02 0.35 0.33 0.00
2017-12-28 0.56 0.00 0.07 0.31 0.03 0.00 0.13 0.00
2017-12-29 0.54 0.00 0.04 0.00 0.02 0.00 0.54 0.00
2017-12-30 0.47 0.00 0.00 0.00 0.00 0.00 0.21 0.00
2017-12-31 0.38 0.00 0.11 0.00 0.00 0.00 0.11 0.00
2018-1-1 1.75 0.00 0.00 0.00 0.00 0.00 0.00 0.00
2018-1-2 0.00 0.00 0.00 0.00 0.00 0.00 0.00 0.00
2018-1-3 0.00 0.00 0.00 0.00 0.00 0.00 0.00 0.00
2018-1-4 0.00 0.00 0.00 0.00 0.00 0.00 0.00 0.00
2018-1-5 0.00 0.00 0.00 0.00 0.00 0.00 0.00 0.00
2018-1-6 0.81 0.00 0.00 0.00 0.04 0.00 0.16 0.00
2018-1-7 0.58 0.00 0.10 0.00 0.07 0.00 0.63 0.00
2018-1-8 0.53 0.00 0.00 1.49 0.05 0.00 0.22 0.00
2018-1-9 0.59 0.00 0.06 0.47 0.04 0.10 0.75 0.00
2018-1-10 0.38 0.00 0.11 0.00 0.04 0.12 0.78 0.00
2018-1-11 0.57 0.00 0.15 0.67 0.06 0.08 0.35 0.00
2018-1-12 0.42 0.00 0.13 0.39 0.03 0.09 0.58 0.00
2018-1-13 0.69 0.00 0.06 0.00 0.01 0.13 0.15 0.00
2018-1-14 0.71 0.00 0.19 0.44 0.06 0.00 0.50 0.00
2018-1-15 0.81 0.00 0.06 0.58 0.06 0.15 0.19 0.00
2018-1-16 0.59 0.00 0.16 0.00 0.03 0.41 0.06 0.00
2018-1-17 0.78 0.00 0.08 0.00 0.02 0.30 0.25 0.00
2018-1-18 0.51 0.00 0.09 0.00 0.04 0.12 0.33 0.00
2018-1-19 0.67 0.00 0.08 0.00 0.05 0.36 0.20 0.00
2018-1-20 0.77 0.00 0.00 0.85 0.07 0.47 0.35 0.00
2018-1-21 0.78 0.00 0.09 0.39 0.06 0.35 0.37 0.00
2018-1-22 0.46 0.00 0.07 0.00 0.05 0.00 0.22 0.00
2018-1-23 0.82 0.00 0.21 0.00 0.04 0.27 0.40 0.00
2018-1-24 0.60 0.00 0.13 0.00 0.05 0.00 0.32 0.00
2018-1-25 0.77 0.00 0.17 1.42 0.03 0.00 0.30 0.00
2018-1-26 0.75 0.00 0.05 0.43 0.12 0.00 0.60 0.00
2018-1-27 0.88 0.00 0.15 0.51 0.10 0.19 0.74 0.00
2018-1-28 0.76 0.00 0.16 0.00 0.03 0.22 0.00 0.00
2018-1-29 0.58 0.00 0.28 0.65 0.08 0.00 0.59 0.00
2018-1-30 0.52 0.00 0.26 0.50 0.04 0.23 0.28 0.00
2018-1-31 0.54 0.00 0.15 0.00 0.02 0.12 0.74 0.00
2018-2-1 0.62 0.00 0.18 0.00 0.07 0.16 0.34 0.00
2018-2-2 0.63 0.00 0.18 0.76 0.13 0.00 0.38 0.00
2018-2-3 0.45 0.00 0.12 0.00 0.02 0.00 0.52 0.00
2018-2-4 0.58 0.00 0.22 0.52 0.04 0.00 0.10 0.00
2018-2-5 0.55 0.00 0.15 0.00 0.00 0.24 0.15 0.00
2018-2-6 0.48 0.00 0.37 0.00 0.08 0.31 0.00 0.00
2018-2-7 0.46 0.00 0.17 0.79 0.04 0.00 0.79 0.00
2018-2-8 0.46 0.00 0.22 0.00 0.00 0.00 0.00 0.00
2018-2-9 0.61 0.00 0.22 0.00 0.00 0.41 0.27 0.00
2018-2-10 0.57 0.00 0.15 0.00 0.02 0.00 0.23 0.00
2018-2-11 0.63 0.00 0.18 0.00 0.03 0.00 0.69 0.00
2018-2-12 0.65 0.00 0.12 0.00 0.05 0.00 0.00 0.00
2018-2-13 0.50 0.00 0.43 0.76 0.11 0.26 0.16 0.00
2018-2-14 0.37 0.00 0.06 1.01 0.00 0.00 0.19 0.00
2018-2-15 0.58 0.00 0.24 0.00 0.04 0.35 0.72 0.00
2018-2-16 0.35 0.00 0.25 0.00 0.05 0.35 0.18 0.00
2018-2-17 0.36 0.00 0.17 0.00 0.03 0.00 0.11 0.00
2018-2-18 0.45 0.00 0.07 0.00 0.05 0.00 0.00 0.00
2018-2-19 0.37 0.00 0.26 0.00 0.00 0.00 0.79 0.00
2018-2-20 0.55 0.00 0.22 0.00 0.00 0.00 0.00 0.00
2018-2-21 0.00 0.00 0.00 0.00 0.00 0.00 0.00 0.00
2018-2-22 0.00 0.00 0.00 0.00 0.00 0.00 0.00 0.00
2018-2-23 0.00 0.00 0.00 0.00 0.00 0.00 0.00 0.00
