2017-11-21 0.51 0.00 1.59 0.00 0.00 0.00 0.00 0.00
2017-11-22 0.57 0.00 0.30 1.89 0.12 0.00 0.00 0.00
2017-11-23 0.47 0.00 0.63 1.34 0.09 0.07 0.00 0.00
2017-11-24 0.42 0.00 0.62 0.87 0.19 0.07 0.00 0.00
2017-11-25 0.38 0.00 0.63 2.02 0.08 0.28 0.00 0.00
2017-11-26 0.17 0.00 0.55 0.40 0.08 0.17 0.00 0.00
2017-11-27 0.55 0.00 0.63 2.84 0.15 0.00 0.00 0.00
2017-11-28 0.60 0.00 0.51 1.69 0.21 0.48 0.00 0.00
2017-11-29 0.66 0.00 0.82 0.49 0.40 0.11 0.00 0.00
2017-11-30 0.52 0.00 0.62 0.90 0.21 0.19 0.00 0.00
2017-12-1 0.53 0.00 0.89 0.74 0.15 0.00 0.00 0.00
2017-12-2 0.28 0.00 0.79 0.00 0.09 0.18 0.00 0.00
2017-12-3 0.19 0.00 0.57 0.00 0.16 0.58 0.00 0.00
2017-12-4 0.53 0.00 0.54 1.42 0.26 0.08 0.00 0.00
2017-12-5 0.46 0.00 0.95 0.96 0.25 0.07 0.00 0.00
2017-12-6 0.40 0.00 0.66 1.03 0.22 0.09 0.00 0.00
2017-12-7 0.43 0.00 0.37 0.54 0.13 0.16 0.00 0.00
2017-12-8 0.32 0.00 0.66 1.41 0.20 0.09 0.00 0.00
2017-12-9 0.23 0.00 0.70 0.69 0.06 0.46 0.00 0.00
2017-12-10 0.33 0.00 0.61 1.31 0.13 0.31 0.00 0.00
2017-12-11 0.53 0.00 0.76 1.17 0.18 0.31 0.00 0.00
2017-12-12 0.39 0.00 0.50 0.00 0.40 0.67 0.00 0.00
2017-12-13 0.41 0.00 0.81 1.25 1.55 0.48 0.00 0.00
2017-12-14 0.63 0.00 0.82 1.41 0.74 0.43 0.00 0.00
2017-12-15 0.61 0.00 1.43 1.23 0.70 1.26 0.00 0.00
2017-12-16 0.26 0.00 0.73 0.40 0.40 0.19 0.00 0.00
2017-12-17 0.29 0.00 0.44 0.00 0.46 0.44 0.00 0.00
2017-12-18 0.39 0.00 0.69 0.42 0.38 0.39 0.00 0.00
2017-12-19 0.34 0.00 0.97 1.13 0.32 0.62 0.00 0.00
2017-12-20 0.23 0.00 1.02 0.59 0.44 0.81 0.00 0.00
2017-12-21 0.43 0.00 1.03 1.40 0.25 0.52 0.00 0.00
2017-12-22 0.42 0.00 0.82 0.99 0.24 0.33 0.00 0.00
2017-12-23 0.51 0.00 1.18 1.07 0.33 0.20 0.00 0.00
2017-12-24 0.36 0.00 0.96 0.00 0.21 0.00 0.00 0.00
2017-12-25 0.17 0.00 0.87 0.78 0.16 1.09 0.00 0.00
2017-12-26 0.19 0.00 0.72 1.20 0.24 0.53 0.00 0.00
2017-12-27 0.25 0.00 0.77 0.00 0.06 0.53 0.00 0.00
2017-12-28 0.36 0.00 0.85 1.26 0.22 0.26 0.00 0.00
2017-12-29 0.44 0.00 0.97 1.06 0.20 0.26 0.00 0.00
2017-12-30 0.38 0.00 0.88 0.00 0.29 0.56 0.00 0.00
2017-12-31 0.32 0.00 0.64 0.00 0.16 0.00 0.00 0.00
2018-1-1 0.88 0.00 0.00 0.00 0.00 0.00 0.00 0.00
2018-1-2 0.00 0.00 0.00 0.00 0.00 0.00 0.00 0.00
2018-1-3 0.00 0.00 0.00 0.00 0.00 0.00 0.00 0.00
2018-1-4 0.00 0.00 0.00 0.00 0.00 0.00 0.00 0.00
2018-1-5 0.00 0.00 0.00 0.00 0.00 0.00 0.00 0.00
2018-1-6 0.38 0.00 0.97 0.00 0.35 0.72 0.00 0.00
2018-1-7 0.33 0.00 0.82 0.81 0.17 0.35 0.00 0.00
2018-1-8 0.50 0.00 0.80 1.49 0.75 0.96 0.00 0.00
2018-1-9 0.41 0.00 0.87 1.89 0.76 0.40 0.00 0.00
2018-1-10 0.44 0.00 1.01 0.48 1.17 0.37 0.00 0.00
2018-1-11 0.33 0.00 1.01 0.67 0.92 0.68 0.00 0.00
2018-1-12 0.30 0.00 0.95 1.16 0.44 0.38 0.00 0.00
2018-1-13 0.23 0.00 1.26 0.00 0.49 0.92 0.00 0.00
2018-1-14 0.18 0.00 1.24 0.44 0.55 0.62 0.00 0.00
2018-1-15 0.35 0.00 1.15 1.16 0.64 0.00 0.00 0.00
2018-1-16 0.44 0.00 0.81 0.84 0.48 1.24 0.00 0.00
2018-1-17 0.48 0.00 1.01 2.30 0.48 0.61 0.00 0.00
2018-1-18 0.32 0.00 0.95 0.41 0.17 0.37 0.00 0.00
2018-1-19 0.44 0.00 0.74 0.80 0.38 0.36 0.00 0.00
2018-1-20 0.18 0.00 0.99 0.43 0.25 1.40 0.00 0.00
2018-1-21 0.23 0.00 0.91 0.78 0.31 0.69 0.00 0.00
2018-1-22 0.34 0.00 0.67 0.92 0.43 0.51 0.00 0.00
2018-1-23 0.34 0.00 0.93 0.75 0.48 0.27 0.00 0.00
2018-1-24 0.58 0.00 0.68 1.72 0.70 0.90 0.00 0.00
2018-1-25 0.65 0.00 1.26 0.94 0.43 0.39 0.00 0.00
2018-1-26 0.47 0.00 1.26 0.43 0.39 0.68 0.00 0.00
2018-1-27 0.41 0.00 1.52 1.53 0.39 0.75 0.00 0.00
2018-1-28 0.36 0.00 1.38 0.00 0.29 0.88 0.00 0.00
2018-1-29 0.66 0.00 1.13 1.96 0.58 0.62 0.00 0.00
2018-1-30 0.55 0.00 0.93 0.00 0.31 0.57 0.00 0.00
2018-1-31 0.39 0.00 0.74 1.42 0.20 0.99 0.00 0.00
2018-2-1 0.51 0.00 0.72 0.00 0.30 0.49 0.00 11.11
2018-2-2 0.75 0.00 1.15 0.76 0.34 0.24 0.00 0.00
2018-2-3 0.32 0.00 1.36 0.59 0.31 0.22 0.00 0.00
2018-2-4 0.27 0.00 1.35 2.08 0.25 0.22 0.00 0.00
2018-2-5 0.77 0.00 0.92 0.61 0.37 0.96 0.00 0.00
2018-2-6 0.51 0.00 1.01 0.83 1.13 0.94 0.00 0.00
2018-2-7 0.58 0.00 1.01 1.59 1.23 0.00 0.00 0.00
2018-2-8 0.46 0.00 1.56 0.00 1.27 0.29 0.00 0.00
2018-2-9 0.51 0.00 1.33 3.85 0.92 1.03 0.00 0.00
2018-2-10 0.45 0.00 1.18 3.97 0.37 0.00 0.00 0.00
2018-2-11 0.31 0.00 1.37 1.41 0.43 0.34 0.00 0.00
2018-2-12 0.53 0.00 1.05 2.61 0.85 0.69 0.00 0.00
2018-2-13 0.46 0.00 0.60 0.00 0.79 0.52 0.00 0.00
2018-2-14 0.60 0.00 1.39 1.01 0.51 0.77 0.00 0.00
2018-2-15 0.66 0.00 1.15 4.13 0.40 1.05 0.00 0.00
2018-2-16 0.58 0.00 1.18 0.00 0.34 0.70 0.00 0.00
2018-2-17 0.38 0.00 0.93 1.96 0.49 0.37 0.00 0.00
2018-2-18 0.22 0.00 0.52 1.49 0.37 0.62 0.00 0.00
2018-2-19 0.58 0.00 0.79 2.46 0.70 0.62 0.00 0.00
2018-2-20 0.41 0.00 0.86 1.39 0.72 1.60 0.00 0.00
2018-2-21 0.00 0.00 0.00 0.00 0.00 0.00 0.00 0.00
2018-2-22 0.00 0.00 0.00 0.00 0.00 0.00 0.00 0.00
2018-2-23 0.00 0.00 0.00 0.00 0.00 0.00 0.00 0.00
