2017-11-21 0.00 0.00 0.00 0.00 0.00 0.00 0.00 0.00
2017-11-22 0.01 0.00 0.22 0.00 0.06 0.00 0.00 0.00
2017-11-23 0.02 0.00 0.33 0.00 0.05 0.00 0.00 0.00
2017-11-24 0.02 0.00 0.30 0.00 0.07 0.35 0.00 0.00
2017-11-25 0.02 0.00 0.10 0.00 0.02 0.14 0.00 0.00
2017-11-26 0.01 0.00 0.23 0.00 0.01 0.00 0.00 0.00
2017-11-27 0.06 0.00 0.41 0.00 0.13 0.48 0.00 0.00
2017-11-28 0.01 0.00 0.24 0.00 0.06 0.16 0.00 0.00
2017-11-29 0.07 0.00 0.40 0.00 0.11 0.45 0.00 0.00
2017-11-30 0.04 0.00 0.42 0.00 0.15 0.19 0.00 0.00
2017-12-1 0.02 0.00 0.43 0.00 0.12 0.44 0.00 0.00
2017-12-2 0.00 0.00 0.31 0.00 0.06 0.54 0.00 0.00
2017-12-3 0.01 0.00 0.33 0.00 0.08 0.58 0.00 0.00
2017-12-4 0.01 0.00 0.39 0.00 0.28 0.40 0.00 0.00
2017-12-5 0.01 0.00 0.33 0.00 0.17 0.21 0.00 0.00
2017-12-6 0.05 0.00 0.24 0.00 0.12 0.36 0.00 0.00
2017-12-7 0.07 0.00 0.46 0.00 0.21 0.32 0.00 0.00
2017-12-8 0.04 0.00 0.55 0.00 0.05 0.63 0.00 0.00
2017-12-9 0.01 0.00 0.34 0.00 0.03 0.15 0.00 0.00
2017-12-10 0.02 0.00 0.28 0.00 0.09 0.15 0.00 0.00
2017-12-11 0.03 0.00 0.47 0.00 0.18 0.63 0.00 0.00
2017-12-12 0.02 0.00 0.56 0.00 0.09 0.40 0.00 0.00
2017-12-13 0.00 0.00 0.49 0.00 0.13 0.29 0.00 0.00
2017-12-14 0.00 0.00 0.53 0.00 0.08 0.43 0.00 0.00
2017-12-15 0.05 0.00 0.56 0.00 0.00 0.63 0.00 0.00
2017-12-16 0.06 0.00 0.47 0.00 0.00 0.00 0.00 0.00
2017-12-17 0.05 0.00 0.53 0.00 0.07 0.44 0.00 0.00
2017-12-18 0.02 0.00 0.57 0.00 0.05 0.39 0.00 0.00
2017-12-19 0.04 0.00 0.27 0.00 0.13 0.45 0.00 0.00
2017-12-20 0.07 0.00 0.41 0.00 0.07 0.67 0.00 0.00
2017-12-21 0.08 0.00 0.45 0.00 0.09 0.61 0.00 0.00
2017-12-22 0.01 0.00 0.42 0.00 0.04 0.08 0.00 0.00
2017-12-23 0.04 0.00 0.43 0.00 0.03 0.40 0.00 0.00
2017-12-24 0.04 0.00 0.19 0.00 0.05 0.50 0.00 0.00
2017-12-25 0.03 0.00 0.10 0.00 0.04 0.36 0.00 0.00
2017-12-26 0.04 0.00 0.37 0.00 0.06 0.18 0.00 0.00
2017-12-27 0.02 0.00 0.35 0.00 0.14 0.70 0.00 0.00
2017-12-28 0.02 0.00 0.41 0.00 0.07 0.34 0.00 0.00
2017-12-29 0.03 0.00 0.49 0.00 0.08 0.39 0.00 0.00
2017-12-30 0.05 0.00 0.42 0.00 0.22 0.28 0.00 0.00
2017-12-31 0.03 0.00 0.25 0.00 0.03 0.73 0.00 0.00
2018-1-1 0.00 0.00 1.20 0.00 0.00 0.00 0.00 0.00
2018-1-2 0.00 0.00 0.00 0.00 0.00 0.00 0.00 0.00
2018-1-3 0.00 0.00 0.00 0.00 0.00 0.00 0.00 0.00
2018-1-4 0.00 0.00 0.00 0.00 0.00 0.00 0.00 0.00
2018-1-5 0.00 0.00 0.00 0.00 0.00 0.00 0.00 0.00
2018-1-6 0.08 0.00 0.38 0.00 0.09 0.72 0.00 0.00
2018-1-7 0.06 0.00 0.38 0.00 0.10 0.00 0.00 0.00
2018-1-8 0.07 0.00 0.86 0.00 0.20 0.38 0.00 0.00
2018-1-9 0.05 0.00 0.45 0.00 0.24 0.30 0.00 0.00
2018-1-10 0.01 0.00 0.56 0.00 0.17 0.62 0.00 0.00
2018-1-11 0.04 0.00 0.63 0.00 0.05 0.76 0.00 0.00
2018-1-12 0.01 0.00 0.30 0.00 0.07 0.28 0.00 0.00
2018-1-13 0.04 0.00 0.48 0.00 0.06 0.13 0.00 0.00
2018-1-14 0.03 0.00 0.42 0.00 0.06 0.00 0.00 0.00
2018-1-15 0.02 0.00 0.59 0.00 0.03 0.15 0.00 0.00
2018-1-16 0.06 0.00 0.56 0.00 0.08 1.04 0.00 0.00
2018-1-17 0.03 0.00 0.64 0.00 0.05 0.41 0.00 0.00
2018-1-18 0.04 0.00 0.54 0.00 0.12 0.12 0.00 0.00
2018-1-19 0.05 0.00 0.42 0.00 0.11 0.36 0.00 0.00
2018-1-20 0.03 0.00 0.49 0.00 0.07 0.93 0.00 0.00
2018-1-21 0.04 0.00 0.42 0.00 0.04 1.22 0.00 0.00
2018-1-22 0.01 0.00 0.94 0.00 0.15 0.13 0.00 0.00
2018-1-23 0.05 0.00 0.71 0.00 0.22 0.55 0.00 0.00
2018-1-24 0.00 0.00 0.76 0.00 0.35 0.23 0.00 0.00
2018-1-25 0.02 0.00 0.53 0.47 0.18 0.39 0.00 0.00
2018-1-26 0.07 0.00 0.51 0.00 0.14 0.48 0.00 0.00
2018-1-27 0.10 0.00 0.63 0.00 0.15 0.19 0.00 0.00
2018-1-28 0.07 0.00 0.28 0.00 0.09 1.32 0.00 0.00
2018-1-29 0.10 0.00 0.61 0.00 0.19 0.31 0.00 0.00
2018-1-30 0.06 0.00 0.49 0.00 0.13 0.80 0.00 0.00
2018-1-31 0.05 0.00 0.50 0.00 0.10 0.25 0.00 0.00
2018-2-1 0.00 0.00 0.80 0.00 0.09 0.65 0.00 0.00
2018-2-2 0.04 0.00 0.50 0.00 0.16 0.00 0.00 0.00
2018-2-3 0.04 0.00 0.64 0.00 0.06 0.45 0.00 0.00
2018-2-4 0.02 0.00 0.37 0.00 0.06 0.65 0.00 0.00
2018-2-5 0.11 0.00 1.08 0.00 0.26 0.72 0.00 0.00
2018-2-6 0.02 0.00 0.64 0.00 0.08 0.94 0.00 0.00
2018-2-7 0.07 0.00 0.67 0.00 0.19 0.70 0.00 0.00
2018-2-8 0.07 0.00 0.81 0.00 0.14 0.58 0.00 0.00
2018-2-9 0.06 0.00 0.62 0.00 0.10 1.24 0.00 0.00
2018-2-10 0.00 0.00 0.52 0.00 0.09 0.33 0.00 0.00
2018-2-11 0.03 0.00 0.42 0.00 0.12 0.00 0.00 0.00
2018-2-12 0.00 0.00 0.80 0.00 0.20 0.00 0.00 0.00
2018-2-13 0.02 0.00 0.70 0.00 0.23 0.78 0.00 0.00
2018-2-14 0.00 0.00 0.32 0.00 0.09 0.77 0.00 0.00
2018-2-15 0.02 0.00 0.54 0.00 0.24 0.70 0.00 0.00
2018-2-16 0.05 0.00 0.31 0.00 0.05 0.35 0.00 0.00
2018-2-17 0.03 0.00 0.17 0.00 0.06 0.37 0.00 0.00
2018-2-18 0.03 0.00 0.37 0.00 0.05 0.00 0.00 0.00
2018-2-19 0.05 0.00 0.46 0.00 0.45 0.62 0.00 0.00
2018-2-20 0.04 0.00 0.43 0.00 0.12 0.00 0.00 0.00
2018-2-21 0.00 0.00 0.00 0.00 0.00 0.00 0.00 0.00
2018-2-22 0.00 0.00 0.00 0.00 0.00 0.00 0.00 0.00
2018-2-23 0.00 0.00 0.00 0.00 0.00 0.00 0.00 0.00
