Browser 2_Crosswalk 3_Chrome 4_SeaMonkey 5_Maxthon 6_AppEngine-Google 7_Firefox_Mobile 8_Other 9_Apple_Mail 10_QQ_Browser 11_Android 12_QQ_Browser_Mobile 13_BlackBerry_WebKit 14_Mobile_Safari_UI/WKWebView 15_Mobile_Safari 16_Mail.ru_Chromium_Browser 17_Samsung_Internet 18_Opera 19_Facebook 20_Safari 21_IE_Mobile 22_Pale_Moon 23_Netscape 24_Chrome_Mobile_iOS 25_Konqueror 26_UC_Browser 27_Amazon_Silk 28_HeadlessChrome 29_Thunderbird 30_Chrome_Mobile 31_Dragon 32_Edge_Mobile 33_Opera_Mobile 34_Puffin 35_Edge 36_Iron 37_IE 38_MobileIron 39_Vivaldi 40_Firefox 41_Yandex_Browser 42_Coc_Coc 43_Chromium 44_Seznam_prohle 45_Opera_Neon 46_Firefox_iOS 47_ThunderBrowse 48_Chrome_Mobile_WebView 49_Sogou_Explorer 50_QupZilla 
2017-11-21 0 2.65486725664 0 0 0 0 0 0 0 0 0 0 0 2.38095238095 0 0 0 0 35.7142857143 0 0 0 0 0 0 0 0 0 0 0 0 0 0 0 0 0 0 0 9.09090909091 0 0 0 0 0 0 0 0 0 0 
2017-11-22 0 9.92535250207 0 18.1818181818 0 0 0 0 0 0 0 100.0 16.6666666667 4.27927927928 0 0.720906282183 7.27272727273 20.0 31.8392581144 0 0 0 33.3333333333 0 50.0 0 0 0 3.85674931129 0 0 0 0 1.47058823529 0 1.09204368175 0 16.6666666667 6.63414634146 0 16.6666666667 11.1111111111 0 0 0 0 0 0 0 
2017-11-23 0 10.8818541549 0 0 0 0 0 0 0 0 0 0 12.5 5.62148657089 0 1.60377358491 10.9677419355 0 30.5900621118 0 0 0 40.0 0 0 19.0476190476 0 0 4.35365036839 0 4.54545454545 0 0 1.39064475348 0 0.928381962865 0 10.0 8.41519318926 14.2857142857 0 7.69230769231 0 0 0 0 9.3023255814 50.0 0 
2017-11-24 0 10.8545034642 0 14.2857142857 0 1.60427807487 50.0 0 0 1.85185185185 0 25.0 0 8.39694656489 0 1.19465917077 22.8758169935 50.0 30.46875 0 0 0 50.0 0 0 7.14285714286 0 0 6.77618069815 0 5.26315789474 0 0 1.81611804767 0 2.27531285552 0 50.0 9.37938781241 16.6666666667 0 0 0 0 0 0 5.55555555556 0 0 
2017-11-25 0 8.72913992298 0 40.0 0 0.490196078431 0 0 0 4.08163265306 0 0 20.0 9.29054054054 0 1.40227870289 16.8224299065 50.0 33.1034482759 0 0 0 0 0 66.6666666667 8.0 0 0 7.82019704433 0 5.88235294118 0 0 1.8045112782 0 1.30151843818 0 10.0 9.13367306938 0 14.2857142857 28.5714285714 0 0 0 0 4.87804878049 0 0 
2017-11-26 0 7.82478472482 0 28.5714285714 0 0.819672131148 0 0 0 4.91803278689 0 0 50.0 9.77393617021 0 1.53452685422 10.8108108108 50.0 30.7471264368 0 0 0 0 0 0 0 0 0 8.78774222623 0 17.6470588235 0 0 2.59965337955 0 3.17002881844 0 0 8.46629762292 12.5 0 0 0 0 0 0 8.16326530612 0 0 
2017-11-27 0 12.6341201717 0 0 0 1.18343195266 0 0 0 6.66666666667 0 50.0 0 11.483113069 0 1.43097643098 11.7647058824 0 31.8537859008 0 0 0 50.0 0 100.0 0 0 0 9.46275946276 0 0 0 0 3.56687898089 33.3333333333 2.18390804598 0 0 11.5447598253 0 0 8.33333333333 0 0 0 0 7.57575757576 0 0 
2017-11-28 0 22.175497617 0 16.6666666667 0 16.8674698795 0 0 100.0 17.2413793103 0 100.0 0 24.4094488189 0 20.7413945278 23.602484472 0 39.9721448468 14.2857142857 0 0 44.4444444444 0 100.0 20.0 0 0 25.0789639924 0 11.1111111111 20.0 0 16.5467625899 0 11.7035110533 0 71.4285714286 21.7891373802 7.14285714286 0 20.0 0 0 0 0 20.9302325581 0 0 
2017-11-29 0 43.4493192133 100.0 100.0 0 47.619047619 0 0 0 43.75 0 0 50.0 45.6836210919 0 42.7604871448 48.1751824818 0 55.7046979866 20.0 0 100.0 33.3333333333 0 0 42.8571428571 0 0 46.7841409692 0 55.5555555556 43.75 0 40.1396160558 100.0 44.2141623489 0 75.0 43.6679673643 57.1428571429 38.4615384615 60.0 100.0 0 0 0 42.4242424242 0 0 
2017-11-30 0 30.2501454334 0 25.0 0 26.5536723164 0 0 0 31.4814814815 0 50.0 33.3333333333 28.5173317798 0 25.0201775626 27.4509803922 0 45.6614509246 20.0 0 0 40.0 0 0 42.8571428571 0 0 26.6365688488 0 17.3913043478 20.6896551724 0 28.2282282282 25.0 30.3225806452 0 33.3333333333 29.3699515347 14.2857142857 0 50.0 0 0 100.0 0 15.1515151515 0 0 
2017-12-1 0 26.3706793802 40.0 75.0 0 22.5941422594 66.6666666667 0 0 27.4509803922 0 50.0 50.0 24.6994535519 0 19.7521865889 24.5810055866 0 43.3789954338 40.0 0 0 16.6666666667 0 0 50.0 0 0 23.1837606838 0 16.0 14.2857142857 0 23.0674846626 0 22.2826086957 0 21.4285714286 27.4055693411 50.0 33.3333333333 14.2857142857 0 0 0 0 19.1176470588 0 0 
2017-12-2 0 19.5251937984 0 33.3333333333 0 9.85915492958 0 0 0 20.0 0 50.0 66.6666666667 21.2101496422 0 10.8808290155 15.4929577465 0 42.3423423423 15.3846153846 0 0 33.3333333333 0 0 28.5714285714 0 0 18.8379204893 0 4.34782608696 4.34782608696 0 17.5600739372 50.0 17.8294573643 0 11.1111111111 20.4904405653 25.0 0 0 0 0 100.0 0 14.0 0 0 
2017-12-3 0 18.9699570815 33.3333333333 0 0 10.5454545455 100.0 100.0 0 31.8181818182 0 0 25.0 24.2233009709 0 11.0481586402 17.4193548387 0 44.6982055465 5.0 0 0 50.0 0 50.0 21.0526315789 0 0 20.5285512034 0 21.0526315789 13.5135135135 0 17.0245398773 0 14.6694214876 0 18.1818181818 21.3948787062 28.5714285714 20.0 28.5714285714 0 0 0 0 16.6666666667 0 0 
2017-12-4 0 22.8364042434 0 20.0 0 11.0091743119 0 0 0 20.0 0 100.0 14.2857142857 18.9855582952 0 7.94871794872 19.7604790419 0 40.9810126582 0 0 0 22.2222222222 0 25.0 37.5 0 0 16.4014687882 0 6.25 10.3448275862 0 17.0068027211 14.2857142857 18.2382133995 0 33.3333333333 22.5548902196 42.8571428571 0 18.1818181818 0 0 100.0 0 9.67741935484 0 0 
2017-12-5 0 21.7781007752 0 28.5714285714 0 15.6028368794 0 0 0 12.6582278481 0 50.0 20.0 22.7050894725 0 12.9032258065 14.8325358852 0 43.2778489117 22.7272727273 0 0 25.0 0 0 35.0 0 0 21.4535901926 0 21.7391304348 15.625 0 18.5226019846 0 16.3329820864 0 38.4615384615 22.8429985856 7.69230769231 16.6666666667 25.0 0 0 0 0 13.4146341463 0 0 
2017-12-6 0 20.3768115942 0 33.3333333333 0 11.8705035971 100.0 0 0 16.1290322581 0 75.0 0 20.0888192268 0 9.58302852963 15.6565656566 0 41.1589895988 0 50.0 0 14.2857142857 0 0 42.1052631579 0 0 17.6383399209 0 25.0 13.0434782609 0 15.2737752161 0 15.4471544715 0 30.0 20.308988764 0 0 9.09090909091 0 0 0 0 17.1052631579 0 0 
2017-12-7 0 21.4345991561 0 0 0 6.91244239631 100.0 0 0 6.0 0 0 28.5714285714 18.4054283291 0 7.29927007299 14.1666666667 0 43.595505618 5.26315789474 0 0 0 0 0 23.0769230769 0 0 18.4810126582 0 30.0 16.6666666667 0 16.0087719298 20.0 10.9339407745 0 14.2857142857 22.4447225699 20.0 100.0 12.5 0 0 0 0 13.1147540984 0 0 
2017-12-8 0 22.1999331327 16.6666666667 25.0 0 10.8771929825 100.0 0 0 10.3448275862 0 50.0 40.0 20.0810810811 0 8.78634639697 14.5728643216 0 49.2779783394 0 0 0 33.3333333333 0 0 23.5294117647 0 50.0 19.806763285 0 20.0 7.14285714286 100.0 17.2274562584 20.0 11.3730929265 0 21.4285714286 20.0498476876 25.0 0 10.0 0 0 0 0 11.3924050633 0 0 
2017-12-9 0 18.5201401051 0 0 0 10.071942446 0 0 0 9.83606557377 0 66.6666666667 0 18.9937409726 0 8.88198757764 8.42696629213 0 42.7756653992 0 0 0 25.0 0 28.5714285714 31.25 0 0 20.2547770701 0 7.69230769231 21.6216216216 0 15.3153153153 0 9.40170940171 0 23.0769230769 17.0425257732 0 0 100.0 0 0 0 0 15.2173913043 0 0 
2017-12-10 0 19.2156862745 0 25.0 0 4.98220640569 50.0 0 0 8.77192982456 0 100.0 28.5714285714 16.6902805327 0 5.98639455782 11.9170984456 0 39.11205074 0 0 0 33.3333333333 0 75.0 16.6666666667 0 0 19.8350893266 50.0 4.7619047619 2.5 100.0 13.1810193322 0 12.8735632184 0 42.8571428571 16.2865288667 8.33333333333 25.0 16.6666666667 0 0 0 0 18.0555555556 0 0 
2017-12-11 0 23.4854550307 0 0 0 8.91719745223 0 0 0 16.1764705882 0 33.3333333333 33.3333333333 15.4922001076 0 8.37370242215 9.82142857143 0 41.4937759336 0 100.0 0 40.0 0 50.0 11.1111111111 0 0 18.0393912265 100.0 5.26315789474 24.3243243243 100.0 13.8923654568 11.1111111111 10.9575518263 0 44.4444444444 19.36 9.09090909091 25.0 5.88235294118 0 0 0 0 12.676056338 0 0 
2017-12-12 0 26.9410267289 0 50.0 0 4.09090909091 0 0 0 7.14285714286 0 0 25.0 12.9359286294 0 5.52434456929 12.0 0 43.429844098 0 100.0 0 33.3333333333 0 50.0 15.3846153846 0 0 17.6203966006 0 16.6666666667 26.6666666667 100.0 14.2857142857 20.0 11.0638297872 0 20.0 19.183845183 22.2222222222 0 7.14285714286 0 0 0 0 7.14285714286 0 0 
2017-12-13 0 27.1917808219 25.0 50.0 0 8.19672131148 100.0 0 0 13.4615384615 0 100.0 66.6666666667 14.5611015491 0 5.61797752809 11.6883116883 0 48.5768500949 0 0 0 50.0 0 50.0 0 0 0 20.3838174274 0 11.7647058824 25.0 0 17.037037037 33.3333333333 12.34375 0 30.0 18.1054753107 14.2857142857 20.0 14.2857142857 0 0 100.0 0 12.2807017544 0 0 
2017-12-14 0 32.3585505404 0 0 0 2.12765957447 0 0 0 10.7142857143 0 50.0 0 12.987012987 0 3.34928229665 13.5135135135 0 46.5863453815 0 0 0 0 0 100.0 12.5 0 100.0 20.3170028818 0 0 12.5 0 12.9770992366 0 8.42105263158 0 33.3333333333 20.472972973 0 66.6666666667 44.4444444444 0 0 25.0 0 16.6666666667 0 0 
2017-12-15 0 37.0552147239 0 0 0 5.55555555556 100.0 0 0 15.0 0 0 0 22.0838052095 0 3.76811594203 7.54716981132 0 44.6808510638 0 0 0 100.0 0 0 0 0 0 31.7254174397 0 14.2857142857 12.5 0 12.0253164557 0 12.0 0 100.0 19.1105769231 50.0 0 25.0 0 0 0 0 28.5714285714 0 0 
2017-12-16 0 34.8665530948 0 75.0 0 5.02958579882 0 0 0 7.69230769231 0 50.0 0 19.4794520548 0 5.51601423488 5.69105691057 0 43.75 0 0 0 33.3333333333 0 0 8.69565217391 0 0 35.2589641434 0 0 24.0740740741 0 12.7490039841 14.2857142857 9.74212034384 0 50.0 16.7814113597 50.0 0 14.2857142857 0 0 33.3333333333 0 13.4146341463 0 0 
2017-12-17 0 29.0187891441 0 0 0 4.10447761194 0 0 0 10.3448275862 0 75.0 0 20.2115812918 0 4.65393794749 6.25 0 42.5 12.5 0 0 0 0 0 18.1818181818 0 0 34.4421344421 0 0 19.3548387097 0 14.859437751 0 5.66037735849 0 20.0 16.8461538462 0 25.0 16.6666666667 0 0 0 0 20.3703703704 0 0 
2017-12-18 0 37.1428571429 33.3333333333 25.0 0 7.66283524904 100.0 0 0 2.0 0 100.0 20.0 22.877930477 0 5.89788732394 12.7516778523 0 46.5665236052 0 0 0 57.1428571429 0 0 11.1111111111 0 0 34.9358974359 0 11.7647058824 18.9189189189 0 16.7002012072 0 10.5654761905 0 28.5714285714 19.8353025421 0 0 0 0 0 0 0 25.8620689655 0 0 
2017-12-19 0 34.2876165113 0 25.0 0 8.62068965517 100.0 0 0 5.1724137931 0 33.3333333333 42.8571428571 25.0149970006 0 6.90737833595 14.1025641026 0 46.0732984293 6.66666666667 0 0 20.0 0 0 7.14285714286 0 50.0 32.5188804976 0 0 20.5128205128 0 17.7172061329 0 12.1546961326 0 71.4285714286 19.0353697749 18.1818181818 0 22.2222222222 0 0 0 0 17.9487179487 0 0 
2017-12-20 0 31.498116488 14.2857142857 16.6666666667 0 8.33333333333 0 0 0 5.40540540541 0 75.0 50.0 27.3716583866 0 8.77914951989 21.0300429185 0 47.3132372215 17.6470588235 0 0 71.4285714286 0 0 14.8148148148 0 0 29.9758259468 0 17.6470588235 16.1290322581 0 17.8489702517 22.2222222222 18.1111111111 0 83.3333333333 21.1219383724 20.0 0 16.6666666667 0 0 100.0 0 19.587628866 0 0 
2017-12-21 0 30.7171853857 33.3333333333 20.0 0 7.0796460177 0 100.0 0 4.54545454545 0 0 60.0 24.5010504202 0 7.44763382467 36.8098159509 0 43.328100471 0 100.0 0 50.0 0 0 9.09090909091 0 0 25.8682101514 100.0 27.7777777778 10.2564102564 0 15.2671755725 0 11.964549483 0 40.0 20.8018402892 28.5714285714 25.0 25.0 0 0 50.0 0 7.8125 0 0 
2017-12-22 0 28.0075781497 20.0 16.6666666667 0 7.87401574803 0 0 0 10.5263157895 0 100.0 100.0 25.4802617691 0 9.26724137931 37.0967741935 0 41.6315049226 18.75 0 0 60.0 0 0 16.6666666667 0 0 25.7926306769 0 7.69230769231 25.0 0 16.7883211679 0 11.3737075332 0 22.2222222222 19.173553719 13.3333333333 50.0 50.0 0 0 50.0 0 18.1818181818 0 0 
2017-12-23 0 23.554473524 33.3333333333 25.0 0 9.44881889764 0 0 0 0 0 0 66.6666666667 22.3345975558 0 7.20221606648 31.6666666667 0 36.231884058 0 0 0 33.3333333333 0 100.0 0 0 0 21.0240496509 0 14.2857142857 0 0 15.6316916488 0 11.3846153846 0 28.5714285714 18.2162162162 28.5714285714 25.0 0 0 0 0 0 13.3333333333 0 0 
2017-12-24 0 22.649140546 0 100.0 0 4.34782608696 0 0 0 21.4285714286 0 0 0 25.0859106529 0 8.74316939891 22.3880597015 0 39.4366197183 0 0 0 100.0 0 100.0 10.0 0 0 22.1565731167 0 25.0 25.0 0 13.4259259259 0 6.81818181818 0 0 19.3089430894 0 0 50.0 0 0 0 0 9.09090909091 0 0 
2017-12-25 0 23.4587670136 0 16.6666666667 0 10.2272727273 0 0 0 10.7142857143 0 0 16.6666666667 23.3840304183 0 8.05152979066 29.2682926829 0 37.0192307692 0 0 0 50.0 0 100.0 11.7647058824 0 0 25.7004830918 0 0 22.2222222222 0 14.5390070922 0 16.3157894737 0 0 14.4111192392 0 0 0 0 0 100.0 0 10.3448275862 0 0 
2017-12-26 0 23.0699364214 0 40.0 0 11.1940298507 0 0 0 1.88679245283 0 33.3333333333 66.6666666667 28.2153773807 0 8.63668807994 37.6712328767 0 39.8268398268 0 0 0 25.0 0 33.3333333333 18.5185185185 0 0 28.2347710093 0 0 13.8888888889 50.0 14.3617021277 0 9.09090909091 0 44.4444444444 14.8832345765 40.0 14.2857142857 50.0 0 0 0 0 14.2857142857 0 0 
2017-12-27 0 25.4032258065 0 0 0 6.33484162896 0 0 0 13.9534883721 0 0 0 24.0171551108 0 8.59538784067 39.5348837209 0 37.1428571429 0 0 0 20.0 0 0 5.88235294118 0 100.0 23.8156209987 100.0 30.0 22.7272727273 0 19.1256830601 0 13.0030959752 0 0 16.001877053 37.5 0 20.0 0 0 50.0 0 13.5593220339 0 0 
2017-12-28 0 23.4633179114 0 0 0 5.85106382979 0 0 0 10.6382978723 0 100.0 18.1818181818 23.6517367459 0 8.2651391162 30.5164319249 0 41.568627451 0 0 0 50.0 0 50.0 0 0 100.0 22.255046775 0 30.7692307692 10.0 0 15.4228855721 16.6666666667 9.83146067416 0 28.5714285714 14.9727767695 50.0 33.3333333333 28.5714285714 0 0 0 0 14.2857142857 0 0 
2017-12-29 0 22.9773462783 0 100.0 0 2.65957446809 0 0 0 8.16326530612 0 33.3333333333 36.3636363636 24.8281550729 0 8.75912408759 26.2857142857 0 39.4285714286 12.5 0 0 40.0 0 100.0 0 0 100.0 24.3168133395 0 0 23.6842105263 0 13.1221719457 0 9.92063492063 0 52.6315789474 14.014933946 42.8571428571 33.3333333333 42.8571428571 0 0 0 0 11.25 0 0 
2017-12-30 0 21.2261041529 0 0 0 4.0 0 0 0 5.88235294118 0 0 33.3333333333 23.713033954 0 6.71936758893 24.347826087 0 47.0760233918 0 50.0 0 66.6666666667 0 0 10.0 0 0 19.3760262726 0 0 15.0 0 14.6005509642 20.0 9.52380952381 0 0 11.5850920521 50.0 0 0 0 0 50.0 0 12.1212121212 0 0 
2017-12-31 0 22.0689655172 0 40.0 0 3.75939849624 0 0 0 8.69565217391 0 50.0 0 22.4040920716 0 7.8697421981 24.3902439024 0 42.8044280443 0 0 0 66.6666666667 0 0 0 0 0 21.6810683425 0 8.33333333333 15.0 0 13.1661442006 0 13.3720930233 0 40.0 9.56310679612 33.3333333333 0 33.3333333333 0 0 0 0 14.7058823529 0 0 
2018-1-1 0 33.3333333333 0 0 0 0 0 0 0 0 0 0 0 21.6216216216 0 5.88235294118 0 0 0 0 0 0 0 0 0 0 0 0 12.9032258065 0 0 0 0 18.1818181818 0 33.3333333333 0 0 8.45070422535 0 0 0 0 0 0 0 0 0 0 
2018-1-2 0 0 0 0 0 0 0 0 0 0 0 0 0 0 0 0 0 0 0 0 0 0 0 0 0 0 0 0 0 0 0 0 0 0 0 0 0 0 0 0 0 0 0 0 0 0 0 0 0 
2018-1-3 0 0 0 0 0 0 0 0 0 0 0 0 0 0 0 0 0 0 0 0 0 0 0 0 0 0 0 0 0 0 0 0 0 0 0 0 0 0 0 0 0 0 0 0 0 0 0 0 0 
2018-1-4 0 0 0 0 0 0 0 0 0 0 0 0 0 0 0 0 0 0 0 0 0 0 0 0 0 0 0 0 0 0 0 0 0 0 0 0 0 0 0 0 0 0 0 0 0 0 0 0 0 
2018-1-5 0 0 0 0 0 0 0 0 0 0 0 0 0 0 0 0 0 0 0 0 0 0 0 0 0 0 0 0 0 0 0 0 0 0 0 0 0 0 0 0 0 0 0 0 0 0 0 0 0 
2018-1-6 0 30.0773014758 50.0 100.0 0 6.25 0 0 0 0 0 0 50.0 23.8385376999 100.0 9.52380952381 25.8064516129 0 44.1176470588 0 0 0 57.1428571429 0 0 23.0769230769 0 0 26.0335195531 0 0 30.7692307692 0 13.9318885449 60.0 13.1428571429 0 100.0 11.2259276656 80.0 25.0 0 0 0 0 0 22.5806451613 0 0 
2018-1-7 0 34.7764371895 0 0 0 9.41176470588 0 0 0 5.55555555556 0 0 0 27.956337174 0 15.1277013752 22.3529411765 0 42.3295454545 50.0 0 0 22.2222222222 100.0 0 25.0 0 0 24.5219347582 100.0 25.0 0 0 15.3846153846 100.0 14.1242937853 0 0 15.469348659 20.0 0 20.0 0 0 50.0 0 31.8181818182 0 0 
2018-1-8 0 52.5651465798 100.0 0 0 66.0714285714 0 0 100.0 37.5 0 0 40.0 53.4343434343 0 54.2780748663 52.688172043 0 64.9122807018 60.0 0 0 50.0 0 0 66.6666666667 100.0 0 57.1428571429 0 85.7142857143 33.3333333333 100.0 41.8530351438 100.0 54.7703180212 0 50.0 37.3110580748 33.3333333333 0 85.7142857143 0 0 0 0 54.5454545455 0 0 
2018-1-9 0 46.2658816238 0 25.0 0 60.5911330049 0 0 0 37.1428571429 0 0 33.3333333333 46.6127401416 0 44.5534838077 48.9655172414 66.6666666667 62.5806451613 50.0 0 0 80.0 0 0 50.0 0 100.0 46.1781427669 0 50.0 57.1428571429 0 44.2424242424 42.8571428571 54.4827586207 0 16.6666666667 41.0822169687 16.6666666667 0 25.0 0 0 0 0 45.7627118644 100.0 0 
2018-1-10 0 44.9710564399 33.3333333333 66.6666666667 0 38.8349514563 100.0 100.0 0 52.7777777778 0 0 100.0 45.7653457653 0 43.7888198758 42.4460431655 100.0 59.1876208897 50.0 0 0 60.0 0 66.6666666667 45.4545454545 0 100.0 44.4657709533 100.0 33.3333333333 50.0 0 42.8308823529 0 55.0561797753 0 33.3333333333 37.2364579955 44.4444444444 25.0 23.0769230769 0 0 0 100.0 44.6808510638 0 0 
2018-1-11 0 43.1200453001 40.0 25.0 0 47.0802919708 50.0 0 0 37.037037037 50.0 100.0 33.3333333333 48.9527389903 0 40.365575019 43.9153439153 0 60.0 36.3636363636 0 0 50.0 0 0 22.5806451613 0 100.0 43.5483870968 0 68.4210526316 53.125 0 43.1968295905 42.8571428571 53.2520325203 100.0 53.8461538462 41.5719467956 50.0 20.0 25.0 0 0 25.0 0 46.1538461538 0 0 
2018-1-12 0 40.160782943 80.0 66.6666666667 0 42.3728813559 100.0 0 0 45.652173913 0 0 42.8571428571 46.3071512309 0 39.4534585824 41.7142857143 0 59.4795539033 36.3636363636 0 0 42.8571428571 0 100.0 42.8571428571 0 0 41.2569690826 0 47.3684210526 61.9047619048 0 40.7042253521 33.3333333333 48.4899328859 0 80.0 36.3963465264 20.0 0 42.8571428571 0 0 0 0 34.328358209 0 100.0 
2018-1-13 0 41.6738941891 40.0 33.3333333333 0 44.8275862069 0 0 0 39.6551724138 0 33.3333333333 25.0 52.023261449 0 40.2777777778 44.8863636364 100.0 57.4596774194 44.4444444444 100.0 0 83.3333333333 0 25.0 45.0 0 0 45.6230283912 100.0 39.1304347826 37.5 0 45.261669024 25.0 54.5054945055 0 0 44.1664154356 38.4615384615 25.0 33.3333333333 0 0 0 0 51.0204081633 0 0 
2018-1-14 0 37.1281464531 0 0 0 46.6666666667 100.0 0 0 46.2962962963 0 100.0 100.0 48.2909090909 0 36.8988391376 50.3759398496 0 57.6623376623 23.0769230769 0 0 71.4285714286 0 100.0 25.0 0 100.0 43.1291816778 0 72.7272727273 42.4242424242 33.3333333333 38.5496183206 33.3333333333 47.7966101695 0 44.4444444444 39.762002462 33.3333333333 0 20.0 0 0 0 0 49.3506493506 0 0 
2018-1-15 0 37.8964941569 50.0 0 0 41.0112359551 0 0 0 48.3870967742 0 100.0 50.0 49.5233050847 0 36.8484848485 52.8846153846 0 53.2352941176 33.3333333333 0 0 66.6666666667 0 50.0 33.3333333333 0 0 42.3952975753 0 25.0 37.5 0 39.3650793651 33.3333333333 49.765258216 0 42.8571428571 39.5543175487 50.0 0 66.6666666667 0 0 100.0 0 48.5714285714 0 0 
2018-1-16 0 36.8587713743 0 100.0 0 38.2608695652 100.0 0 0 33.9622641509 0 66.6666666667 20.0 45.9386767079 0 30.086410055 46.7153284672 0 53.6392405063 50.0 66.6666666667 0 66.6666666667 0 100.0 21.4285714286 0 0 35.9550561798 0 61.5384615385 28.0 0 36.0182370821 25.0 38.9084507042 0 80.0 36.7711690595 30.7692307692 16.6666666667 50.0 0 0 33.3333333333 0 36.6197183099 0 0 
2018-1-17 0 34.784020786 50.0 66.6666666667 0 30.6451612903 0 0 0 32.5581395349 0 0 75.0 42.5177414378 0 29.0648694187 52.0833333333 0 53.1190926276 44.4444444444 100.0 0 50.0 0 0 25.0 0 0 33.5413416537 0 30.0 38.7096774194 0 31.1874105866 25.0 42.9065743945 0 0 33.3965844402 22.2222222222 100.0 0 0 0 0 0 31.3725490196 0 0 
2018-1-18 0 32.7464788732 0 33.3333333333 0 24.1206030151 0 0 0 31.7073170732 0 100.0 66.6666666667 37.9642365887 0 25.7340241796 29.8611111111 0 49.7854077253 26.6666666667 0 0 62.5 0 0 35.2941176471 0 0 32.1711568938 0 33.3333333333 42.8571428571 100.0 27.065026362 25.0 34.0707964602 0 40.0 31.7097415507 20.0 40.0 10.0 0 0 0 0 26.8656716418 0 0 
2018-1-19 0 31.3932448733 0 50.0 0 30.0 0 0 0 32.7272727273 0 100.0 50.0 38.5456533625 0 22.3684210526 38.2352941176 0 52.8070175439 27.2727272727 100.0 100.0 37.5 0 0 80.0 0 0 29.0015052684 0 33.3333333333 17.3913043478 0 27.665317139 16.6666666667 36.3924050633 0 16.6666666667 32.4523160763 25.0 25.0 28.5714285714 0 0 100.0 0 25.0 0 0 
2018-1-20 0 27.5909090909 66.6666666667 60.0 0 29.0196078431 0 0 0 30.9523809524 0 75.0 33.3333333333 39.5748987854 0 27.6710222905 37.5838926174 0 48.608137045 30.0 0 0 40.0 0 0 34.7826086957 0 100.0 31.2813497492 0 29.4117647059 20.8333333333 0 27.0569620253 50.0 37.0466321244 0 16.6666666667 26.1336515513 33.3333333333 0 50.0 0 100.0 40.0 0 19.7183098592 0 0 
2018-1-21 0 28.9920159681 0 66.6666666667 0 25.4098360656 0 0 0 28.5714285714 0 100.0 14.2857142857 38.8930441286 0 23.8970588235 36.170212766 33.3333333333 46.694214876 36.3636363636 0 0 62.5 0 0 66.6666666667 0 0 31.1584553928 0 30.4347826087 19.3548387097 0 29.1245791246 25.0 33.630952381 0 25.0 27.5593220339 25.0 33.3333333333 66.6666666667 0 0 0 0 18.6440677966 0 0 
2018-1-22 0 29.9923488906 20.0 0 0 22.4719101124 0 0 0 14.2857142857 0 100.0 20.0 36.3595905652 0 24.9263984298 35.2941176471 0 44.9074074074 33.3333333333 0 0 61.5384615385 0 0 28.5714285714 0 0 31.7302052786 0 60.0 25.0 100.0 33.4033613445 66.6666666667 37.3549883991 0 0 31.6005983545 37.5 14.2857142857 11.1111111111 0 0 100.0 0 31.3725490196 0 0 
2018-1-23 0 30.3878583474 100.0 33.3333333333 0 34.0909090909 0 0 50.0 26.3157894737 0 100.0 50.0 40.3383214053 0 24.1962774958 37.4193548387 0 48.9130434783 25.0 0 0 66.6666666667 0 50.0 66.6666666667 0 0 35.2479135984 0 41.1764705882 42.4242424242 0 28.9473684211 25.0 37.4439461883 0 55.5555555556 33.731649027 55.5555555556 0 14.2857142857 0 0 0 0 27.868852459 0 0 
2018-1-24 0 29.9212598425 66.6666666667 0 0 25.7575757576 0 0 0 15.0 0 100.0 75.0 36.6047745358 0 22.9508196721 43.4210526316 0 53.5947712418 25.0 0 0 60.0 0 0 50.0 0 0 24.1090146751 0 40.0 6.66666666667 0 23.3676975945 66.6666666667 39.9224806202 0 57.1428571429 30.8384918402 33.3333333333 25.0 0 0 0 0 0 21.875 0 0 
2018-1-25 0 32.0953870211 33.3333333333 66.6666666667 0 29.5302013423 0 0 0 16.0 0 100.0 33.3333333333 35.4189336235 0 21.610738255 54.347826087 0 52.2959183673 14.2857142857 0 0 100.0 0 0 43.75 0 0 30.2560124127 0 14.2857142857 25.0 0 28.1690140845 14.2857142857 29.5918367347 0 50.0 44.0470107307 50.0 33.3333333333 66.6666666667 0 0 100.0 0 23.0769230769 0 0 
2018-1-26 0 30.9564621186 50.0 50.0 0 28.0487804878 0 0 0 44.2307692308 0 0 0 36.9248035915 0 22.920696325 56.3291139241 0 53.0275229358 21.4285714286 100.0 0 33.3333333333 0 66.6666666667 36.3636363636 0 0 29.3753517164 0 16.6666666667 23.0769230769 0 26.5625 20.0 32.9914529915 0 50.0 43.802559415 25.0 20.0 33.3333333333 0 0 0 0 20.0 100.0 0 
2018-1-27 0 30.2512025655 0 0 0 30.1587301587 100.0 0 0 18.5185185185 0 100.0 80.0 39.2323232323 0 24.7765006386 52.2388059701 0 56.5891472868 14.2857142857 0 0 100.0 0 100.0 27.2727272727 0 100.0 39.1338582677 0 45.4545454545 31.25 0 28.0487804878 0 33.3333333333 0 100.0 45.5187398153 16.6666666667 0 0 0 0 0 0 39.3939393939 0 0 
2018-1-28 0 25.7992148065 0 33.3333333333 0 28.0303030303 0 0 0 17.3913043478 0 100.0 0 29.0444654683 0 14.4557823129 38.5826771654 25.0 46.5648854962 20.0 0 0 100.0 0 25.0 10.0 0 0 36.5137614679 0 35.7142857143 40.0 0 26.4270613108 0 33.904109589 0 25.0 37.5364856976 20.0 25.0 0 0 0 0 0 36.3636363636 0 100.0 
2018-1-29 0 37.7630121816 50.0 50.0 0 33.3333333333 0 0 0 44.4444444444 0 100.0 80.0 43.2258064516 0 32.9297820823 47.7477477477 33.3333333333 52.8169014085 27.2727272727 0 0 20.0 0 0 57.1428571429 0 0 47.6327116212 0 0 25.0 100.0 30.8093994778 50.0 41.9786096257 0 60.0 44.7744146202 20.0 0 20.0 0 0 0 0 53.3333333333 0 0 
2018-1-30 0 60.3362391034 0 100.0 0 72.4358974359 0 0 0 66.6666666667 0 0 75.0 53.4587554269 0 58.7104072398 55.3191489362 100.0 71.9022687609 54.5454545455 0 0 57.1428571429 0 50.0 65.0 0 0 59.5399188092 100.0 69.2307692308 45.4545454545 60.0 59.4548551959 50.0 73.3752620545 0 66.6666666667 65.8254918734 40.0 0 100.0 0 0 0 0 59.5238095238 0 0 
2018-1-31 0 48.204095334 66.6666666667 25.0 0 58.9595375723 50.0 0 0 56.4102564103 0 100.0 50.0 47.3137429504 0 47.8802992519 57.6388888889 0 64.8250460405 64.7058823529 0 0 80.0 0 0 46.1538461538 0 0 52.7797833935 0 55.5555555556 58.3333333333 20.0 49.7470489039 0 63.126252505 0 0 57.971656333 33.3333333333 66.6666666667 42.8571428571 0 0 100.0 0 39.5348837209 0 0 
2018-2-1 0 42.9468242245 50.0 80.0 0 48.4848484848 100.0 0 0 48.275862069 0 100.0 25.0 38.7727116901 0 35.7723577236 48.7603305785 100.0 54.1247484909 75.0 0 0 71.4285714286 0 33.3333333333 26.3157894737 0 0 44.1747572816 0 50.0 38.4615384615 0 38.8329979879 0 49.2795389049 0 50.0 52.1941146102 33.3333333333 0 20.0 0 0 50.0 0 51.6129032258 0 0 
2018-2-2 0 42.7142235755 50.0 100.0 0 43.8271604938 0 0 0 27.7777777778 0 0 66.6666666667 38.5546875 0 33.3333333333 43.5643564356 100.0 52.5252525253 42.8571428571 0 0 33.3333333333 0 0 30.7692307692 0 0 50.7515473033 0 25.0 40.0 0 35.5371900826 100.0 42.3220973783 100.0 33.3333333333 47.7975016437 0 0 33.3333333333 100.0 0 0 0 54.5454545455 0 0 
2018-2-3 0 36.9914346895 33.3333333333 0 0 37.7358490566 100.0 0 0 41.3793103448 0 100.0 75.0 40.1954976303 0 34.068627451 31.5789473684 100.0 52.0094562648 25.0 0 0 33.3333333333 0 50.0 21.0526315789 0 0 53.8694992413 0 46.1538461538 31.5789473684 0 38.0582524272 66.6666666667 51.8644067797 0 71.4285714286 49.8596294217 0 50.0 50.0 0 0 0 0 38.4615384615 0 0 
2018-2-4 0 35.3798126951 0 60.0 0 33.1428571429 100.0 0 0 28.0 0 0 20.0 38.4020618557 0 27.8481012658 35.6589147287 0 50.0 11.1111111111 100.0 0 40.0 0 100.0 33.3333333333 0 0 49.2486338798 0 31.25 25.0 0 32.384341637 0 40.6360424028 0 0 45.8659217877 57.1428571429 25.0 0 0 0 0 0 48.6486486486 100.0 0 
2018-2-5 0 36.5318416523 0 50.0 0 26.3636363636 100.0 0 0 20.0 0 0 50.0 39.3482196741 0 27.9245283019 33.3333333333 0 49.6124031008 11.1111111111 0 0 60.0 0 100.0 31.25 0 0 41.4857142857 0 23.0769230769 42.8571428571 100.0 31.5112540193 0 42.5287356322 0 37.5 46.164874552 33.3333333333 0 50.0 0 0 0 0 30.0 0 0 
2018-2-6 0 35.593220339 100.0 0 0 28.4403669725 0 0 0 21.7391304348 0 0 0 36.4569961489 0 21.3438735178 30.2083333333 100.0 56.3157894737 0 0 0 40.0 0 33.3333333333 27.2727272727 0 0 35.9004739336 0 0 12.5 0 32.3717948718 0 37.9487179487 0 60.0 39.8940196821 0 0 0 0 0 100.0 0 33.3333333333 0 0 
2018-2-7 0 40.1324503311 20.0 0 0 23.2142857143 0 0 0 38.0952380952 0 100.0 0 36.5610328638 0 22.3282442748 19.1489361702 0 54.5722713864 40.0 0 0 100.0 0 0 26.6666666667 0 0 36.9696969697 50.0 33.3333333333 25.0 0 26.2237762238 33.3333333333 36.170212766 0 66.6666666667 39.2156862745 12.5 0 50.0 0 0 0 0 15.7894736842 0 0 
2018-2-8 0 38.3014861996 33.3333333333 100.0 0 26.7326732673 0 0 0 19.2307692308 0 0 50.0 35.585106383 0 19.1489361702 26.6666666667 0 52.0 0 0 0 28.5714285714 0 50.0 30.0 0 0 36.9289340102 0 75.0 33.3333333333 0 30.0911854103 25.0 40.5797101449 0 50.0 38.0418535127 25.0 0 22.2222222222 0 0 0 0 21.0526315789 0 0 
2018-2-9 0 37.1325010068 0 66.6666666667 0 26.0162601626 100.0 0 100.0 41.6666666667 0 0 66.6666666667 38.2568453529 0 26.2820512821 33.6283185841 0 52.8541226216 16.6666666667 0 0 33.3333333333 0 100.0 18.75 0 0 39.367816092 0 38.4615384615 50.0 100.0 30.6451612903 66.6666666667 44.5229681979 0 40.0 39.9631675875 50.0 40.0 0 0 0 0 0 37.5 0 0 
2018-2-10 0 33.7871287129 0 66.6666666667 0 29.0909090909 0 0 0 21.4285714286 0 0 16.6666666667 34.8180890853 0 22.3342939481 34.0 0 47.8753541076 27.2727272727 0 0 33.3333333333 0 0 10.5263157895 0 0 34.8497854077 0 31.25 27.2727272727 0 28.1984334204 0 41.5789473684 0 75.0 38.1172839506 33.3333333333 0 66.6666666667 0 0 0 0 33.3333333333 0 0 
2018-2-11 100.0 31.9974143504 0 100.0 0 19.4444444444 100.0 0 0 42.1052631579 0 0 33.3333333333 35.1580934403 0 22.8956228956 24.7422680412 0 48.1927710843 0 0 0 66.6666666667 0 0 7.69230769231 0 0 35.2637021717 50.0 14.2857142857 0 0 29.057591623 100.0 38.418079096 0 16.6666666667 38.6584289497 33.3333333333 0 50.0 0 100.0 100.0 0 28.5714285714 0 0 
2018-2-12 0 34.873540856 50.0 33.3333333333 0 21.8390804598 0 0 0 27.2727272727 0 0 100.0 35.8004827031 0 22.1105527638 32.9268292683 0 46.3503649635 0 0 100.0 20.0 0 50.0 30.0 0 0 33.0578512397 0 33.3333333333 33.3333333333 0 28.2868525896 0 33.3333333333 0 40.0 34.5646437995 33.3333333333 50.0 0 0 0 100.0 0 33.3333333333 0 0 
2018-2-13 0 33.7394957983 33.3333333333 0 0 23.2876712329 0 0 0 40.9090909091 0 0 25.0 37.0117792932 0 23.8775510204 26.2626262626 0 52.380952381 63.6363636364 0 0 16.6666666667 0 100.0 34.7826086957 0 0 32.8767123288 0 37.5 20.0 0 30.0595238095 0 41.2371134021 100.0 42.8571428571 40.5218726017 20.0 33.3333333333 25.0 0 0 66.6666666667 0 25.0 0 0 
2018-2-14 0 39.4048229861 0 100.0 0 26.0869565217 0 0 0 24.0 0 50.0 50.0 32.9085457271 0 20.190023753 23.6111111111 0 47.1760797342 0 0 0 50.0 0 100.0 20.0 0 0 29.6143250689 0 0 50.0 0 22.5 0 35.6687898089 0 33.3333333333 36.7231638418 100.0 0 50.0 0 0 0 0 25.0 0 0 
2018-2-15 0 42.0027816412 50.0 0 0 28.4210526316 0 0 0 28.0 0 0 0 33.2038834951 0 22.9398663697 33.7209302326 0 52.3668639053 28.5714285714 0 0 100.0 0 0 14.2857142857 0 0 28.5909712722 0 20.0 50.0 0 20.6642066421 50.0 39.7350993377 0 33.3333333333 40.0360685302 16.6666666667 0 20.0 0 0 0 0 26.3157894737 0 0 
2018-2-16 0 39.3340270552 0 25.0 0 14.7727272727 0 0 100.0 22.2222222222 0 0 50.0 30.668716372 0 17.0212765957 21.9512195122 0 47.0588235294 33.3333333333 0 0 25.0 0 0 30.0 0 0 22.9370629371 0 0 14.2857142857 0 21.3523131673 0 28.7671232877 0 0 35.7843137255 50.0 0 0 0 0 0 0 23.5294117647 0 0 
2018-2-17 0 33.6092715232 0 0 0 10.0 0 0 0 28.5714285714 0 0 66.6666666667 30.2462526767 0 19.6750902527 27.7108433735 0 48.59437751 30.0 0 0 0 0 100.0 37.5 0 0 27.560718057 0 0 61.5384615385 0 25.6097560976 0 39.4957983193 100.0 57.1428571429 33.2555425904 0 0 50.0 0 0 0 0 30.7692307692 0 0 
2018-2-18 0 32.6885880077 0 0 0 17.7083333333 0 0 0 11.1111111111 0 100.0 66.6666666667 29.781420765 0 19.5754716981 32.2580645161 0 46.192893401 22.2222222222 0 0 33.3333333333 0 50.0 16.6666666667 0 0 28.8043478261 0 0 20.0 0 16.25 0 29.6875 0 50.0 32.3099415205 28.5714285714 0 0 0 0 0 0 9.09090909091 0 0 
2018-2-19 0 36.329386437 0 50.0 0 19.7183098592 0 0 0 20.0 0 0 100.0 30.081300813 0 16.1125319693 21.25 0 46.4150943396 0 0 0 50.0 0 33.3333333333 33.3333333333 0 0 30.46875 0 40.0 57.1428571429 100.0 20.9523809524 50.0 38.9261744966 0 50.0 35.2647352647 9.09090909091 0 20.0 0 0 0 0 28.5714285714 0 0 
2018-2-20 0 33.4698055271 0 33.3333333333 0 24.5901639344 0 0 0 21.4285714286 0 0 66.6666666667 31.2096029548 0 21.7630853994 16.6666666667 0 50.3623188406 33.3333333333 0 0 50.0 0 33.3333333333 18.1818181818 0 0 27.1565495208 0 50.0 100.0 0 23.4146341463 33.3333333333 49.4505494505 0 33.3333333333 35.4705274043 75.0 50.0 0 0 0 0 0 36.3636363636 0 0 
2018-2-21 0 34.4655929722 0 100.0 0 25.641025641 100.0 0 0 0 0 0 0 32.6547685443 0 29.3706293706 47.972972973 0 49.0118577075 0 0 0 0 0 40.0 25.0 0 0 28.3296541575 0 0 50.0 100.0 26.7692307692 0 0 0 75.0 33.4675795409 28.5714285714 20.0 22.2222222222 0 0 0 0 17.6470588235 0 0 
2018-2-22 0 32.798573975 40.0 0 0 23.1578947368 100.0 0 0 0 0 0 50.0 30.5246422893 0 28.6821705426 45.5882352941 0 44.7278911565 0 100.0 0 50.0 0 50.0 12.5 0 0 22.0504475183 0 0 0 100.0 22.6821192053 12.5 0 100.0 14.2857142857 31.9310054691 28.5714285714 14.2857142857 18.1818181818 0 0 0 0 13.8888888889 0 0 
2018-2-23 0 32.8718609144 0 0 0 14.9700598802 0 0 0 0 0 0 40.0 30.0976620302 0 31.0511089682 34.2465753425 0 50.3891050584 0 0 0 55.5555555556 0 0 6.25 0 0 19.2062367116 100.0 0 25.0 0 20.3174603175 33.3333333333 0 0 12.5 32.8138528139 55.5555555556 0 12.5 0 0 100.0 0 9.25925925926 0 0 
2018-2-24 0 32.0140280561 20.0 50.0 0 13.0718954248 0 0 0 0 0 0 33.3333333333 32.7340031729 0 35.5629877369 35.2941176471 0 42.8888888889 0 0 0 33.3333333333 0 40.0 12.5 0 0 20.2572347267 0 0 0 0 22.199592668 33.3333333333 0 0 33.3333333333 31.7183098592 25.0 42.8571428571 0 0 0 50.0 0 35.0 0 100.0 
2018-2-25 0 30.9403437816 0 33.3333333333 0 20.5882352941 100.0 0 0 0 0 0 66.6666666667 29.8983050847 0 33.8512763596 30.4964539007 0 40.9926470588 0 0 0 40.0 0 0 20.0 0 0 17.5396825397 0 0 50.0 0 18.6932849365 0 0 0 33.3333333333 28.1265952016 44.4444444444 0 50.0 0 0 50.0 0 18.9189189189 0 0 
2018-2-26 0 32.9327610873 0 0 0 16.7938931298 0 0 0 0 0 0 0 34.1486964918 0 34.0025094103 31.3868613139 0 46.8085106383 0 0 0 25.0 0 40.0 14.2857142857 0 0 17.4249757986 0 0 100.0 0 23.0642504119 28.5714285714 0 0 50.0 32.4946695096 25.0 16.6666666667 42.8571428571 0 0 50.0 0 18.1818181818 0 0 
2018-2-27 0 35.8596284282 0 100.0 0 16.5413533835 0 0 50.0 0 0 0 80.0 32.9765090693 0 36.9419642857 25.9842519685 50.0 43.8735177866 0 0 0 22.2222222222 0 75.0 12.5 0 0 18.8811188811 0 0 0 0 21.9557195572 33.3333333333 0 0 50.0 32.5125398997 50.0 12.5 33.3333333333 100.0 0 0 0 25.0 100.0 0 
2018-2-28 0 42.3258559622 50.0 50.0 0 15.2173913043 0 0 0 0 0 0 100.0 39.511017205 0 35.5633802817 40.3100775194 0 47.7001703578 0 0 0 0 0 66.6666666667 8.69565217391 0 0 21.5958369471 0 0 50.0 0 28.2986111111 0 0 0 25.0 31.5561335067 20.0 0 10.0 0 0 0 0 20.0 0 0 
2018-3-1 0 44.4017914267 0 0 0 17.7419354839 0 0 0 0 0 0 75.0 36.0272638754 0 33.1775700935 27.5590551181 0 52.0446096654 0 0 0 28.5714285714 0 0 35.2941176471 0 0 20.3315881326 0 0 0 0 23.3722871452 0 0 0 55.5555555556 32.1235899951 14.2857142857 18.1818181818 12.5 0 0 0 0 26.6666666667 0 0 
2018-3-2 0 41.6160171612 0 0 0 20.5607476636 0 0 0 0 0 0 50.0 36.6136034732 100.0 30.7692307692 44.6601941748 0 43.605870021 0 0 0 28.5714285714 0 0 0 0 0 19.094488189 0 0 0 33.3333333333 21.5759849906 0 0 100.0 37.5 32.4395373291 33.3333333333 0 25.0 0 0 0 0 12.5 100.0 0 
2018-3-3 0 34.8973607038 33.3333333333 0 0 15.9292035398 0 0 0 0 0 0 50.0 32.7927927928 0 24.4078269825 44.9612403101 100.0 36.6504854369 0 50.0 0 30.0 0 33.3333333333 7.69230769231 0 0 14.2747505756 0 0 0 0 21.6161616162 0 0 0 50.0 25.6346749226 18.1818181818 12.5 20.0 0 0 0 0 15.0 0 0 
2018-3-4 0 33.1627430911 0 50.0 0 17.2413793103 100.0 0 0 0 0 0 83.3333333333 32.4665676077 0 23.4390009606 42.0168067227 0 41.0989010989 0 0 0 50.0 0 50.0 21.0526315789 0 0 14.9045521292 0 0 0 0 18.3752417795 0 0 100.0 16.6666666667 25.1451800232 0 18.1818181818 0 0 0 0 0 13.4615384615 0 0 
2018-3-5 0 37.8395061728 20.0 0 0 19.53125 0 0 0 0 0 0 100.0 32.1014492754 0 27.806122449 48.0916030534 0 42.8857715431 0 100.0 0 25.0 0 100.0 11.1111111111 0 0 17.7587844255 0 0 50.0 0 25.8799171843 0 0 0 80.0 31.4061734444 25.0 42.8571428571 33.3333333333 0 0 0 0 19.2307692308 0 0 
2018-3-6 0 34.1365461847 0 33.3333333333 0 18.6274509804 0 0 0 0 0 0 0 31.6733067729 0 28.5135135135 50.7575757576 0 54.0540540541 0 0 0 28.5714285714 0 50.0 12.5 100.0 0 15.2007648184 0 0 0 0 20.8576998051 50.0 0 0 50.0 31.3705583756 25.0 0 11.1111111111 0 0 100.0 0 23.0769230769 0 0 
2018-3-7 0 33.2378223496 25.0 0 0 17.3076923077 0 0 0 0 0 0 75.0 29.8352124892 0 20.6325301205 41.4634146341 50.0 47.0454545455 0 0 0 66.6666666667 0 0 36.8421052632 0 0 15.5462184874 0 0 50.0 0 16.0569105691 0 0 0 50.0 31.0400866739 40.0 25.0 27.2727272727 0 0 0 0 15.1515151515 0 0 
2018-3-8 0 34.6869712352 100.0 100.0 0 20.5607476636 0 0 0 0 0 0 50.0 32.0627802691 100.0 28.6764705882 38.3177570093 0 47.2647702407 0 100.0 0 50.0 0 0 53.3333333333 0 0 20.6493506494 0 0 0 0 21.1970074813 50.0 0 0 40.0 31.5820895522 0 0 14.2857142857 0 0 0 0 3.57142857143 0 0 
2018-3-9 0 33.8761061947 0 50.0 0 14.4578313253 0 0 0 0 0 0 50.0 32.8972868217 0 25.5985267035 38.3177570093 0 45.3333333333 0 0 0 75.0 0 0 53.8461538462 0 0 21.9226260258 0 0 100.0 0 15.8854166667 0 0 0 42.8571428571 28.393442623 50.0 0 25.0 0 0 100.0 0 25.0 0 0 
2018-3-10 0 28.5384170999 0 0 0 14.2857142857 0 0 0 0 0 0 50.0 30.9030654515 0 23.8317757009 48.4536082474 100.0 44.9180327869 0 0 0 62.5 0 0 65.0 0 0 30.7692307692 0 0 100.0 0 16.3978494624 0 0 0 33.3333333333 25.1987281399 20.0 0 50.0 0 0 33.3333333333 0 17.8571428571 0 0 
2018-3-11 0 32.6353421859 16.6666666667 33.3333333333 0 20.9090909091 100.0 0 0 0 0 0 25.0 33.367591641 0 28.7101248266 44.1379310345 0 44.7368421053 0 0 0 33.3333333333 0 0 50.0 0 0 36.2969752521 0 0 50.0 0 22.9885057471 0 0 0 50.0 28.6079182631 41.6666666667 0 20.0 0 0 100.0 0 19.4444444444 0 0 
2018-3-12 0 35.6846473029 0 100.0 0 19.8347107438 0 0 0 0 0 0 50.0 32.6452599388 0 24.7892074199 51.0204081633 0 46.7153284672 0 0 0 100.0 0 0 42.8571428571 0 0 36.8817204301 0 0 50.0 0 19.0476190476 0 0 0 50.0 29.9938912645 50.0 0 12.5 100.0 0 0 0 17.8571428571 0 0 
2018-3-13 0 32.4261533355 0 50.0 0 9.19540229885 0 0 0 0 0 0 66.6666666667 33.2034632035 0 22.9126213592 42.4528301887 0 49.5454545455 0 0 0 60.0 0 50.0 55.5555555556 0 0 36.8421052632 0 0 50.0 0 18.8630490956 0 0 0 60.0 32.6086956522 25.0 0 0 0 50.0 33.3333333333 0 16.6666666667 0 0 
2018-3-14 0 36.6901860167 33.3333333333 100.0 0 37.1794871795 0 0 0 0 0 0 50.0 35.0510204082 0 24.0366972477 47.4137931034 100.0 56.5756823821 0 0 0 50.0 0 0 50.0 0 0 48.6338797814 0 0 100.0 100.0 18.137254902 0 0 0 25.0 35.864978903 20.0 0 33.3333333333 0 0 0 0 29.1666666667 0 0 
2018-3-15 0 36.8041912246 0 100.0 0 27.5229357798 0 0 0 0 0 0 33.3333333333 32.6606260297 0 22.4 47.4747474747 0 55.2311435523 0 0 0 55.5555555556 0 0 20.0 0 0 47.0265324794 0 0 0 0 19.5698924731 0 0 0 50.0 38.9655172414 44.4444444444 0 60.0 0 0 0 0 29.0322580645 0 0 
2018-3-16 0 35.2566371681 75.0 0 0 17.094017094 0 0 0 0 0 0 50.0 34.2440801457 0 24.3902439024 36.8852459016 0 51.3189448441 0 100.0 0 57.1428571429 0 0 33.3333333333 0 0 43.5402684564 0 0 0 100.0 20.1298701299 40.0 0 0 66.6666666667 41.3140311804 0 10.0 0 0 0 100.0 0 34.0909090909 0 0 
2018-3-17 0 33.8021338506 20.0 0 0 45.8333333333 100.0 0 0 0 0 0 20.0 35.1046255507 0 23.3449477352 37.6923076923 0 49.14004914 0 0 0 66.6666666667 0 20.0 24.1379310345 0 0 46.0251046025 0 0 0 50.0 18.9686924494 0 0 0 50.0 49.5098039216 22.2222222222 20.0 66.6666666667 0 0 100.0 0 23.0769230769 0 0 
2018-3-18 0 34.5809172377 0 0 0 49.3055555556 0 0 0 0 0 0 33.3333333333 34.6896551724 0 24.6132208158 35.1851851852 0 46.1318051576 0 0 0 33.3333333333 0 0 29.4117647059 0 0 43.1740614334 0 0 0 0 17.4 0 0 0 33.3333333333 53.0722484808 25.0 20.0 0 0 0 75.0 0 17.8571428571 0 0 
2018-3-19 0 33.8588319599 0 0 0 48.623853211 0 0 0 0 0 0 40.0 31.7792068596 0 23.6790606654 32.9787234043 0 51.3381995134 0 0 0 0 0 0 12.5 100.0 0 37.2527472527 0 0 0 0 18.8328912467 66.6666666667 0 100.0 60.0 50.446694461 42.8571428571 0 25.0 0 0 66.6666666667 0 23.0769230769 0 0 
2018-3-20 0 33.9241403758 0 0 0 52.5252525253 0 0 0 0 0 0 50.0 27.0601987142 0 19.2949907236 38.2978723404 0 48.743718593 0 0 0 50.0 0 0 26.6666666667 0 0 34.2077649528 0 0 0 0 18.7675070028 66.6666666667 0 0 80.0 50.7692307692 28.5714285714 12.5 50.0 0 0 0 0 25.0 0 0 
2018-3-21 0 35.4097144976 50.0 0 0 42.8571428571 0 0 0 0 0 0 50.0 29.4344473008 0 20.4506065858 38.3838383838 0 45.4054054054 0 0 0 0 0 0 18.1818181818 0 0 33.2560834299 0 0 100.0 25.0 19.3452380952 33.3333333333 0 0 0 43.6298932384 0 0 12.5 0 0 50.0 0 13.0434782609 0 0 
2018-3-22 0 40.014040014 0 0 100.0 45.652173913 0 0 0 0 0 0 0 30.6745445593 0 22.0930232558 38.3177570093 0 51.9083969466 0 0 0 66.6666666667 0 33.3333333333 47.3684210526 0 0 34.5434543454 0 0 0 100.0 15.5425219941 50.0 0 0 0 45.9923664122 28.5714285714 14.2857142857 0 0 0 0 0 16.0 0 0 
2018-3-23 0 45.9162941894 33.3333333333 0 0 36.1111111111 0 0 0 0 0 0 0 30.242510699 100.0 17.8308823529 31.3725490196 0 46.4102564103 0 0 0 25.0 0 0 31.5789473684 100.0 0 34.5814977974 0 0 0 0 15.2298850575 50.0 0 0 66.6666666667 42.1302578019 42.8571428571 20.0 50.0 100.0 0 100.0 0 31.8181818182 0 0 
2018-3-24 0 41.9568822554 0 0 0 33.3333333333 0 0 0 0 0 0 0 28.965771071 0 17.2752808989 38.2352941176 100.0 45.3416149068 0 0 0 20.0 0 0 38.8888888889 0 0 29.8482293423 100.0 0 50.0 0 19.4196428571 0 0 0 0 38.7950036738 14.2857142857 14.2857142857 37.5 0 0 0 0 16.6666666667 0 0 
2018-3-25 0 55.9403303143 80.0 100.0 0 83.4862385321 100.0 0 0 0 0 0 100.0 79.6308503626 0 78.3147459727 70.0 0 76.2273901809 0 0 0 50.0 0 100.0 95.652173913 0 0 78.9180588703 0 0 0 100.0 69.6252465483 75.0 0 0 33.3333333333 73.4664764622 14.2857142857 12.5 28.5714285714 0 0 0 0 61.5384615385 0 0 
2018-3-26 0 53.2960893855 50.0 0 0 63.3802816901 0 0 0 0 0 0 33.3333333333 65.7718120805 0 59.2515592516 55.5555555556 0 69.18767507 0 0 0 50.0 0 0 50.0 0 0 62.4565469293 0 0 100.0 0 57.9710144928 75.0 0 0 71.4285714286 59.2757306226 33.3333333333 0 28.5714285714 0 100.0 0 0 56.5217391304 100.0 0 
2018-3-27 100.0 48.2056973733 0 0 0 52.5773195876 100.0 0 0 0 0 0 80.0 59.3431483579 0 50.0854700855 49.0196078431 0 71.7791411043 0 100.0 0 50.0 0 0 65.0 0 100.0 53.5269709544 0 0 0 0 53.743315508 40.0 0 0 0 59.0476190476 26.6666666667 7.14285714286 50.0 0 0 100.0 0 44.0 0 0 
2018-3-28 0 45.6034482759 100.0 0 0 54.4554455446 0 0 0 100.0 0 0 50.0 59.7345132743 0 49.5918367347 37.3333333333 0 68.4713375796 0 0 0 0 0 50.0 55.5555555556 0 0 50.2487562189 0 0 100.0 0 50.406504065 50.0 0 0 0 50.0 25.0 37.5 71.4285714286 100.0 0 0 0 65.0 0 0 
2018-3-29 0 44.1230486685 50.0 0 0 54.8780487805 100.0 0 0 0 0 0 40.0 57.7885952712 0 45.247148289 35.7142857143 0 62.5441696113 0 0 0 66.6666666667 0 66.6666666667 62.5 0 0 49.1803278689 0 0 0 100.0 55.2123552124 25.0 0 0 75.0 48.2594936709 50.0 0 60.0 0 0 100.0 0 57.1428571429 0 0 
2018-3-30 0 39.2628205128 0 100.0 0 46.4646464646 0 0 0 0 0 0 50.0 50.6065016982 0 40.1305057096 36.9047619048 0 64.5614035088 0 100.0 0 66.6666666667 0 25.0 35.2941176471 0 0 43.2485322896 0 0 33.3333333333 100.0 42.4148606811 0 0 0 55.5555555556 45.1666666667 0 12.5 0 0 0 100.0 0 55.8823529412 0 0 
2018-3-31 0 38.222763238 50.0 0 0 46.5346534653 100.0 0 0 0 0 0 0 47.7489177489 0 38.6956521739 46.9387755102 0 60.7407407407 0 50.0 0 33.3333333333 0 50.0 31.5789473684 0 0 42.1343146274 0 0 0 0 51.8918918919 0 0 0 40.0 49.756097561 40.0 18.1818181818 50.0 0 0 0 0 50.0 100.0 0 
2018-4-1 0 37.2060857538 100.0 0 0 43.4782608696 0 0 0 0 0 0 60.0 48.1888035126 0 36.496350365 58.4415584416 0 62.037037037 0 0 0 80.0 0 0 31.25 0 0 41.7391304348 0 0 0 20.0 43.2601880878 0 0 0 42.8571428571 38.141809291 37.5 15.3846153846 0 0 0 0 0 31.25 0 0 
2018-4-2 0 38.9090909091 0 0 0 41.5584415584 0 0 0 0 0 0 33.3333333333 49.3303571429 0 36.7609254499 43.4782608696 0 67.1875 0 0 0 33.3333333333 0 50.0 60.0 0 0 40.4494382022 0 0 0 50.0 38.4615384615 0 0 0 50.0 17.591275486 12.5 0 28.5714285714 0 0 0 0 35.2941176471 0 0 
2018-4-3 0 41.3452914798 0 100.0 0 43.0769230769 0 0 0 0 0 0 33.3333333333 50.8751458576 0 33.1444759207 51.1363636364 0 59.5744680851 0 100.0 0 40.0 0 0 60.0 0 0 38.2352941176 0 0 0 0 42.0765027322 50.0 0 0 33.3333333333 40.3946002077 14.2857142857 33.3333333333 14.2857142857 0 0 0 0 38.4615384615 0 0 
2018-4-4 0 39.251254342 50.0 0 0 40.3846153846 0 0 0 0 0 0 0 48.7221764221 0 30.3482587065 34.6153846154 0 64.7058823529 0 0 0 25.0 0 50.0 66.6666666667 0 0 36.6806136681 0 0 100.0 0 36.71875 40.0 0 0 50.0 29.5962199313 33.3333333333 20.0 33.3333333333 0 0 0 0 30.7692307692 0 0 
2018-4-5 0 41.8499717992 0 33.3333333333 0 39.4957983193 0 0 0 0 0 0 50.0 46.6127401416 0 34.8554033486 52.1739130435 0 62.3076923077 0 0 0 50.0 0 0 77.7777777778 0 0 43.7265917603 0 0 0 0 41.1764705882 33.3333333333 0 0 33.3333333333 43.5897435897 20.0 20.0 25.0 0 0 0 0 30.7692307692 0 0 
2018-4-6 0 52.5301204819 0 0 0 37.6068376068 0 0 0 0 0 0 60.0 48.1954064892 0 34.036939314 61.038961039 0 64.3564356436 0 0 0 33.3333333333 0 0 61.5384615385 0 0 40.205371248 0 0 100.0 0 49.8708010336 66.6666666667 0 0 0 55.823986195 60.0 0 0 0 0 100.0 0 37.5 0 0 
2018-4-7 0 48.5903814262 0 0 0 28.813559322 0 0 0 0 0 0 33.3333333333 46.3559742191 0 32.8493647913 65.0 0 63.4328358209 0 0 0 0 0 0 28.5714285714 50.0 0 39.3970893971 0 0 0 0 41.9847328244 100.0 0 0 0 51.3552068474 0 0 0 0 0 100.0 0 41.1764705882 0 0 
2018-4-8 0 43.0656934307 0 0 0 36.170212766 0 0 0 0 0 0 100.0 47.2293265132 0 31.0580204778 42.8571428571 0 57.6470588235 0 0 0 0 0 0 66.6666666667 100.0 0 32.8947368421 0 0 0 0 43.3823529412 0 0 0 0 52.5139664804 0 0 0 0 0 0 0 30.7692307692 0 0 
2018-4-9 0 47.9853479853 100.0 0 0 48.7179487179 0 0 0 0 0 0 0 47.2385428907 0 28.2392026578 56.0 0 61.2903225806 0 0 0 0 0 0 76.9230769231 0 0 36.4864864865 0 0 100.0 0 50.4504504505 0 0 0 100.0 49.0956072351 0 0 0 0 0 0 0 23.0769230769 0 0 
2018-4-10 0 50.1718213058 100.0 0 0 40.0 0 0 0 0 0 0 100.0 55.980861244 0 34.9514563107 43.4782608696 0 62.3376623377 0 0 0 0 0 0 70.0 0 0 39.9668325041 0 0 0 100.0 50.9259259259 0 0 0 100.0 52.380952381 0 0 100.0 0 0 0 0 46.6666666667 0 0 
2018-4-11 0 46.7741935484 0 0 0 39.4736842105 0 0 0 0 0 0 0 58.7982832618 0 36.7041198502 78.5714285714 0 78.431372549 0 0 0 100.0 0 0 33.3333333333 0 0 34.9785407725 0 0 0 50.0 51.6129032258 0 0 0 0 49.8007968127 0 0 0 0 0 0 0 33.3333333333 0 0 
2018-4-12 0 54.691689008 33.3333333333 50.0 0 42.3728813559 0 0 0 0 0 0 100.0 53.6385936222 0 29.8050139276 61.5384615385 0 68.4210526316 0 0 0 0 0 0 38.4615384615 0 0 37.3182552504 0 0 100.0 0 46.3687150838 0 0 0 100.0 53.5433070866 100.0 0 100.0 0 0 0 0 40.0 0 0 
2018-4-13 0 38.5826771654 0 0 0 39.2857142857 0 0 0 0 0 0 50.0 50.2453385672 0 26.0 73.9130434783 0 61.1764705882 0 0 0 0 0 0 30.0 0 0 36.2438220758 0 0 0 0 44.099378882 0 0 0 50.0 47.49498998 0 0 0 0 0 0 0 33.3333333333 0 0 
2018-4-14 0 45.9349593496 100.0 0 0 36.5384615385 0 0 0 0 0 0 100.0 54.0921919097 0 32.5878594249 52.380952381 0 72.3076923077 0 0 0 0 0 0 25.0 0 0 37.6146788991 0 0 100.0 0 40.4761904762 0 0 0 0 55.223880597 0 0 100.0 0 0 0 0 45.4545454545 0 0 
2018-4-15 0 42.7374301676 0 100.0 0 37.5 0 0 0 0 0 0 75.0 51.5243902439 0 29.490616622 56.25 0 62.3529411765 0 0 0 0 0 0 33.3333333333 0 0 37.639553429 0 0 0 0 38.8888888889 66.6666666667 0 0 100.0 48.4978540773 0 100.0 0 0 0 0 0 10.0 0 0 
2018-4-16 0 43.8841201717 33.3333333333 0 0 38.6363636364 0 0 0 0 0 0 50.0 56.0851926978 0 35.9493670886 67.0886075949 0 65.2173913043 0 0 0 100.0 0 0 44.0 0 0 38.3506805444 0 0 100.0 0 43.908045977 0 0 0 0 52.8348397699 100.0 0 0 0 0 50.0 0 45.9459459459 0 0 
2018-4-17 0 42.4737456243 0 50.0 0 39.4736842105 100.0 0 0 0 0 0 100.0 50.9571876088 0 31.173594132 66.6666666667 0 63.8888888889 0 0 0 50.0 0 0 39.2857142857 0 0 35.9375 0 0 66.6666666667 0 43.4173669468 0 0 0 100.0 50.2742230347 66.6666666667 0 50.0 0 0 0 0 42.8571428571 0 0 
2018-4-18 0 44.5544554455 0 100.0 0 36.2962962963 0 0 0 0 0 0 33.3333333333 49.3468795356 0 32.6030927835 59.0361445783 0 65.1282051282 0 0 0 0 0 0 21.7391304348 0 0 39.2273402675 0 0 50.0 25.0 40.5405405405 100.0 0 0 25.0 46.3955637708 0 0 0 0 0 0 0 31.4285714286 0 0 
2018-4-19 0 44.7802197802 0 33.3333333333 0 34.4827586207 0 0 0 0 0 0 50.0 50.8440514469 0 30.164765526 42.6229508197 0 61.9718309859 0 0 0 100.0 0 0 42.8571428571 0 100.0 43.9799331104 0 0 50.0 0 44.0340909091 0 0 100.0 0 48.1938325991 66.6666666667 0 0 0 0 50.0 0 37.037037037 0 0 
2018-4-20 0 46.2745098039 100.0 100.0 0 29.1666666667 0 0 0 0 0 0 100.0 47.2198820556 0 29.2413793103 50.7246376812 0 55.737704918 0 0 0 0 0 0 42.8571428571 100.0 0 41.9680403701 0 0 50.0 100.0 43.2748538012 0 0 0 50.0 40.7738095238 0 0 100.0 0 0 0 0 31.0344827586 0 0 
2018-4-21 0 46.9936708861 50.0 0 0 38.202247191 0 0 0 0 0 0 33.3333333333 50.7631923245 0 32.4632952692 49.0566037736 0 62.2641509434 0 0 0 0 0 0 31.25 0 100.0 42.8434197887 0 0 0 0 41.214057508 100.0 0 0 50.0 47.8513356562 0 0 0 0 0 100.0 0 63.1578947368 0 0 
2018-4-22 0 46.1538461538 50.0 0 0 29.347826087 0 0 0 0 0 0 33.3333333333 43.0243902439 0 28.9808917197 56.25 0 59.0909090909 0 0 0 100.0 0 0 64.2857142857 0 100.0 40.888066605 100.0 0 100.0 0 33.2191780822 0 0 0 0 42.002301496 0 0 0 0 0 100.0 0 43.4782608696 0 0 
2018-4-23 0 47.1124620061 66.6666666667 100.0 0 25.7142857143 50.0 0 0 0 0 0 33.3333333333 44.668117519 0 27.9296875 50.0 0 58.883248731 0 100.0 0 0 0 0 33.3333333333 0 0 34.7923681257 0 0 0 0 37.5 0 0 0 60.0 45.4170957775 100.0 0 0 0 0 100.0 0 43.75 0 0 
2018-4-24 0 48.4076433121 100.0 100.0 0 35.2272727273 0 0 0 0 0 0 100.0 45.165843331 0 24.297188755 47.7272727273 0 58.59375 0 0 0 50.0 0 0 30.7692307692 0 0 46.1139896373 0 0 0 0 44.8453608247 0 0 0 0 47.1086036671 0 0 0 100.0 0 0 0 30.7692307692 0 0 
2018-4-25 0 51.9756838906 100.0 50.0 0 26.0416666667 0 0 0 0 0 0 100.0 43.4693877551 0 25.3968253968 34.4827586207 0 53.6363636364 0 0 0 100.0 0 0 25.0 0 0 54.2435424354 0 0 0 0 42.0168067227 0 0 0 66.6666666667 41.3223140496 100.0 0 0 0 0 0 0 37.5 0 0 
2018-4-26 0 44.6107784431 100.0 0 0 31.914893617 0 0 0 0 100.0 0 0 43.8339438339 0 22.1327967807 37.5 0 49.6124031008 0 0 0 0 0 0 40.0 0 0 60.2395209581 0 0 100.0 0 36.2068965517 0 0 0 0 38.6597938144 0 0 0 0 0 0 0 33.3333333333 0 0 
2018-4-27 0 47.0414201183 0 0 0 19.6428571429 0 0 0 0 0 0 60.0 45.2036793693 0 24.5541838134 45.7627118644 0 48.5207100592 0 0 0 100.0 0 0 38.0952380952 0 0 62.6808100289 0 0 100.0 0 34.0298507463 0 0 0 100.0 43.1578947368 33.3333333333 0 33.3333333333 0 0 0 0 39.2857142857 0 0 
2018-4-28 0 56.2610229277 0 0 0 27.5 0 0 0 0 0 0 100.0 45.466048081 0 26.9090909091 35.593220339 0 61.1428571429 0 0 0 0 0 0 18.75 100.0 0 56.9086651054 0 0 0 0 32.2834645669 0 0 0 0 43.984962406 100.0 0 0 0 0 0 0 53.8461538462 0 0 
2018-4-29 0 50.5882352941 50.0 0 0 22.2222222222 0 0 0 0 0 0 0 41.4337788578 0 19.3181818182 42.8571428571 0 51.9607843137 0 0 0 0 0 0 58.3333333333 100.0 0 51.2743628186 0 0 0 0 30.5555555556 0 0 0 0 38.141809291 0 0 0 0 0 0 0 31.25 0 0 
2018-4-30 0 52.3985239852 100.0 100.0 0 25.7575757576 100.0 0 0 0 0 0 0 41.4556962025 0 19.733924612 31.914893617 0 51.5527950311 0 0 0 0 0 0 74.0740740741 100.0 0 46.6954022989 0 0 0 0 27.2727272727 0 0 0 100.0 40.9622886866 100.0 0 0 0 0 0 0 46.1538461538 0 0 
2018-5-1 0 49.9082568807 0 100.0 0 11.1111111111 0 0 0 100.0 0 0 0 38.6529126214 0 20.652173913 42.3728813559 0 56.5217391304 0 0 0 100.0 0 0 56.0 0 0 48.9501312336 0 0 66.6666666667 0 35.0515463918 0 0 0 50.0 41.3279132791 0 0 0 0 0 0 0 40.0 0 0 
2018-5-2 0 58.1395348837 0 0 0 18.8888888889 0 0 0 0 0 0 66.6666666667 39.1679748823 0 23.5756385069 30.5555555556 0 46.2686567164 0 0 0 100.0 0 0 50.0 100.0 0 47.9305740988 0 0 0 0 30.4 0 0 0 0 39.5430579965 0 0 0 0 0 50.0 0 46.1538461538 0 0 
2018-5-3 0 65.3298835705 0 100.0 0 21.1764705882 0 0 0 100.0 0 0 62.5 38.5226741468 0 22.1169036335 40.0 0 49.6894409938 0 0 0 0 0 0 72.7272727273 0 0 50.2879078695 0 0 50.0 0 30.3116147309 0 0 0 33.3333333333 40.9552845528 100.0 0 0 0 0 100.0 0 45.0 0 0 
2018-5-4 0 64.4891122278 100.0 0 0 30.303030303 0 0 0 0 0 0 100.0 37.820878494 0 23.5294117647 48.1481481481 0 41.3043478261 0 100.0 0 0 0 0 16.6666666667 0 0 43.3691756272 0 0 100.0 0 27.9069767442 0 0 0 0 43.9432989691 100.0 0 0 0 0 100.0 0 30.4347826087 0 0 
2018-5-5 0 55.7471264368 0 0 0 16.3636363636 0 0 0 0 100.0 0 100.0 35.5060034305 0 21.3649851632 50.0 0 50.5882352941 0 0 0 50.0 0 0 41.6666666667 0 0 38.5321100917 0 0 0 0 21.25 0 0 0 100.0 38.5390428212 100.0 0 0 0 0 100.0 0 0 0 0 
2018-5-6 0 57.2916666667 0 100.0 0 20.8333333333 0 0 0 0 0 0 33.3333333333 36.683107275 0 21.5827338129 47.8260869565 0 57.7235772358 0 0 0 0 0 0 55.0 0 0 38.2916053019 0 0 0 0 36.0248447205 0 0 0 0 40.522875817 100.0 0 0 0 0 0 0 23.8095238095 0 0 
2018-5-7 0 59.6396396396 0 100.0 0 23.2558139535 0 0 0 0 0 0 0 44.3683409437 0 25.9445843829 53.0612244898 0 59.2307692308 0 0 0 0 0 0 50.0 0 100.0 44.8387096774 0 0 25.0 0 34.7639484979 100.0 0 0 50.0 47.7987421384 0 0 0 0 0 0 0 42.8571428571 0 0 
2018-5-8 0 49.8113207547 0 0 0 20.9677419355 0 0 0 0 0 0 100.0 36.2087326944 0 20.6148282098 42.8571428571 0 52.7559055118 0 0 0 0 0 0 40.0 0 0 45.3056768559 0 0 50.0 100.0 31.1688311688 0 0 0 50.0 38.4962406015 0 0 0 0 0 100.0 0 40.9090909091 0 0 
2018-5-9 0 50.7462686567 0 0 0 27.5862068966 100.0 0 0 0 0 0 100.0 35.0189633375 0 19.6162046908 45.2380952381 0 55.2380952381 0 0 0 50.0 0 0 60.0 0 0 46.1030383091 0 0 100.0 0 30.9941520468 0 0 0 0 39.2857142857 0 0 0 0 0 0 0 43.75 0 0 
2018-5-10 0 59.2409240924 0 66.6666666667 0 40.2597402597 0 0 0 0 0 0 0 38.1540997116 0 25.6944444444 60.6060606061 0 57.5609756098 0 0 0 0 0 0 78.5714285714 0 0 58.8691796009 0 0 0 0 30.0632911392 100.0 0 0 0 51.9536903039 100.0 0 0 0 0 0 0 50.0 0 0 
2018-5-11 0 53.4381139489 0 0 0 28.0 100.0 0 0 0 0 0 66.6666666667 33.0931549151 0 18.6666666667 45.0980392157 0 48.8721804511 0 0 0 0 0 0 60.0 0 0 61.3636363636 0 0 100.0 0 23.275862069 100.0 0 0 0 49.8034076016 0 0 0 0 0 0 0 40.7407407407 0 0 
2018-5-12 0 60.157790927 0 0 0 27.380952381 0 0 0 0 0 0 100.0 34.692962797 0 22.4719101124 40.0 0 47.619047619 0 0 0 50.0 0 0 78.5714285714 0 100.0 59.2635212888 0 0 0 0 28.3333333333 50.0 0 0 0 46.1077844311 0 0 0 0 0 0 0 37.037037037 0 0 
2018-5-13 0 54.9800796813 0 0 0 28.3333333333 100.0 0 0 0 0 0 100.0 36.9440083726 0 24.7706422018 58.1395348837 0 56.4935064935 0 0 0 100.0 0 0 58.8235294118 0 0 56.1103810775 0 0 50.0 0 32.4 66.6666666667 0 0 0 46.6569767442 50.0 0 0 0 0 0 0 34.4827586207 0 0 
2018-5-14 0 57.6802507837 100.0 100.0 0 36.8421052632 0 0 0 0 0 0 0 36.7930029155 0 25.4901960784 46.9387755102 0 55.6390977444 0 0 0 0 0 0 46.1538461538 0 0 58.2806573957 0 0 50.0 0 33.8521400778 66.6666666667 0 0 25.0 53.3878504673 0 0 0 0 0 0 0 38.0952380952 0 0 
2018-5-15 0 60.8482871126 75.0 0 0 31.884057971 0 0 0 0 0 0 0 34.7593582888 0 21.875 51.724137931 0 54.0322580645 0 0 0 0 0 0 61.5384615385 0 0 57.8820697954 0 0 33.3333333333 0 26.3736263736 0 0 0 33.3333333333 49.1569390402 100.0 0 0 0 0 100.0 0 43.4782608696 0 0 
2018-5-16 0 56.1497326203 0 0 0 52.2388059701 100.0 0 0 0 0 0 66.6666666667 29.7861507128 0 15.7692307692 42.5925925926 0 49.6240601504 0 0 0 50.0 0 0 33.3333333333 0 0 55.4899645809 0 0 0 100.0 22.480620155 50.0 0 0 50.0 50.0658761528 0 0 0 100.0 0 0 0 34.4827586207 0 0 
2018-5-17 0 60.433604336 0 0 0 49.0909090909 0 0 0 100.0 0 0 50.0 32.9268292683 0 21.1678832117 48.0769230769 0 51.3043478261 0 0 0 0 0 0 46.1538461538 0 0 51.5328467153 0 0 0 100.0 21.5189873418 0 0 0 0 48.7132352941 100.0 0 100.0 0 0 100.0 0 28.5714285714 0 0 
2018-5-18 0 68.3794466403 0 0 0 48.2352941176 0 0 0 0 0 0 75.0 34.1258048539 0 24.7723132969 50.9090909091 0 45.1851851852 0 0 0 50.0 0 0 57.1428571429 0 0 52.9605263158 0 0 100.0 0 24.8803827751 0 0 0 50.0 54.5698924731 50.0 0 50.0 0 0 0 0 51.8518518519 0 0 
2018-5-19 0 66.6666666667 0 0 0 52.808988764 0 0 0 0 0 0 60.0 32.7685950413 0 22.0757825371 50.7692307692 0 42.3357664234 0 0 0 50.0 0 0 47.3684210526 0 0 47.4758324382 0 0 33.3333333333 100.0 25.2173913043 0 0 0 100.0 61.1491108071 100.0 0 0 0 0 0 0 23.8095238095 0 0 
2018-5-20 0 66.323907455 0 0 0 47.0588235294 0 0 0 0 0 0 100.0 29.1814946619 0 18.0043383948 39.0243902439 0 49.5867768595 0 0 0 0 0 0 50.0 0 0 44.8979591837 0 0 0 0 31.9444444444 0 0 0 0 62.7777777778 0 0 0 0 0 0 0 11.1111111111 0 0 
2018-5-21 0 66.8539325843 0 0 0 58.064516129 0 0 0 0 0 0 0 33.237685318 0 24.4080145719 52.4590163934 0 49.0196078431 0 0 0 0 0 0 45.0 0 0 46.9437652812 0 0 50.0 0 22.6890756303 0 100.0 0 66.6666666667 65.401459854 100.0 0 0 0 0 100.0 0 26.9230769231 0 0 
2018-5-22 0 63.906581741 50.0 0 0 47.8260869565 0 0 0 0 0 0 66.6666666667 35.2218430034 0 22.7040816327 52.0833333333 0 51.5625 0 0 0 100.0 0 0 58.3333333333 0 0 46.0188933873 0 0 100.0 0 23.6180904523 50.0 0 0 0 62.1696801113 0 0 0 0 0 0 0 15.7894736842 0 0 
2018-5-23 0 60.9195402299 50.0 100.0 0 43.4782608696 0 0 0 0 0 0 100.0 32.7411167513 0 15.9763313609 46.6666666667 0 36.25 0 0 0 0 0 0 100.0 0 100.0 46.6777408638 0 0 0 100.0 16.3265306122 0 0 0 100.0 63.1147540984 0 0 0 0 0 0 0 33.3333333333 0 0 
2018-5-24 0 63.9344262295 0 0 0 41.6666666667 100.0 0 0 0 0 0 0 35.2705410822 0 19.2 44.7368421053 0 43.3962264151 0 0 0 0 0 0 57.1428571429 0 0 43.8805970149 0 0 0 0 24.347826087 0 0 0 100.0 61.7886178862 0 0 0 0 0 0 0 33.3333333333 0 0 
2018-5-25 0 57.528957529 100.0 0 0 41.4285714286 0 0 0 0 0 0 66.6666666667 33.9694656489 0 20.4918032787 56.7567567568 0 44.8275862069 0 0 0 0 0 0 70.0 0 0 41.0575427683 0 0 50.0 0 25.5555555556 0 0 0 50.0 56.7198177677 0 0 0 0 0 0 0 7.69230769231 0 0 
2018-5-26 0 53.8205980066 50.0 0 0 42.0 0 0 0 0 0 0 100.0 34.7345132743 0 23.9234449761 52.6315789474 0 43.5185185185 0 0 0 0 0 0 60.0 0 0 42.8571428571 0 0 0 100.0 25.4901960784 0 0 0 100.0 58.2191780822 0 0 0 0 0 0 0 12.5 0 0 
2018-5-27 0 55.8685446009 100.0 0 0 40.0 0 0 0 0 0 0 50.0 34.6701164295 0 20.0626959248 62.5 0 48.1481481481 0 0 0 0 0 0 50.0 0 0 38.4615384615 0 0 0 0 20.8333333333 0 0 0 100.0 59.2592592593 0 0 0 0 0 0 0 16.6666666667 0 0 
2018-5-28 0 60.2816901408 50.0 0 0 42.5531914894 0 0 0 0 0 0 50.0 34.2830882353 0 20.325203252 71.0526315789 0 47.572815534 0 0 0 0 0 0 41.6666666667 0 0 38.72 0 0 100.0 0 15.873015873 0 0 0 100.0 55.4934823091 0 0 100.0 0 0 0 0 16.6666666667 0 0 
2018-5-29 0 55.3398058252 0 0 0 42.8571428571 0 0 0 0 0 0 50.0 34.7599164927 0 20.1005025126 56.6666666667 0 46.9230769231 0 0 0 0 0 0 50.0 0 0 39.7708674304 0 0 100.0 0 20.0 0 0 0 100.0 57.3304157549 0 0 100.0 0 0 0 0 42.8571428571 0 0 
2018-5-30 0 54.347826087 100.0 0 0 35.1851851852 0 0 0 0 0 0 50.0 33.9207048458 0 18.8442211055 59.1836734694 0 52.6315789474 0 0 0 0 0 0 50.0 0 0 40.0621118012 0 0 0 0 20.5357142857 100.0 0 0 0 60.2678571429 100.0 0 0 0 0 0 0 21.4285714286 0 0 
2018-5-31 0 54.0298507463 0 0 0 41.1764705882 0 0 0 0 0 0 71.4285714286 36.3825363825 0 15.0214592275 42.8571428571 0 45.9259259259 0 0 0 100.0 0 0 83.3333333333 0 0 39.1244870041 0 0 0 0 11.3095238095 0 0 0 100.0 57.8947368421 100.0 0 0 0 0 0 0 28.5714285714 0 0 
2018-6-1 0 54.2005420054 0 100.0 0 41.935483871 0 0 0 0 0 0 50.0 36.4522417154 0 22.9426433915 47.3684210526 0 47.5247524752 0 0 0 0 0 0 40.0 0 0 39.6276595745 0 0 75.0 0 21.5384615385 0 0 0 0 54.6845124283 0 0 0 0 0 100.0 0 0 0 0 
2018-6-2 0 53.9184952978 0 0 0 43.5483870968 0 0 0 0 0 0 0 37.6793512165 0 22.6730310263 46.3414634146 0 49.5495495495 0 0 0 50.0 0 0 57.1428571429 0 0 41.0256410256 0 0 50.0 100.0 17.3913043478 0 0 0 66.6666666667 55.8441558442 0 0 0 0 0 0 0 31.5789473684 0 0 
2018-6-3 0 57.0332480818 0 0 0 40.3846153846 0 0 0 0 0 0 66.6666666667 36.5975696926 0 25.2659574468 54.7619047619 0 49.2063492063 0 0 0 0 0 0 45.4545454545 0 0 42.3303834808 0 0 0 0 19.53125 0 100.0 0 50.0 58.5840707965 50.0 0 100.0 0 0 0 0 27.2727272727 0 0 
2018-6-4 0 59.0476190476 0 0 0 47.9166666667 0 0 0 0 0 0 50.0 35.4838709677 0 24.0093240093 45.0980392157 0 50.406504065 0 0 0 100.0 0 0 45.4545454545 0 0 46.8986384266 0 0 0 0 16.3265306122 0 0 0 33.3333333333 59.2592592593 0 0 33.3333333333 0 0 0 0 42.1052631579 0 0 
2018-6-5 0 56.4777327935 0 100.0 0 46.875 0 0 0 100.0 0 0 100.0 39.0607101947 0 24.7357293869 50.0 0 60.5839416058 0 0 0 100.0 0 0 44.4444444444 0 0 47.573964497 0 0 100.0 100.0 14.8148148148 0 0 0 50.0 57.3863636364 0 0 100.0 0 0 0 0 27.2727272727 0 0 
2018-6-6 0 53.8461538462 0 0 0 44.1558441558 0 0 0 0 0 0 66.6666666667 37.4321880651 0 23.9669421488 62.8571428571 0 53.7313432836 0 0 0 100.0 0 0 36.3636363636 0 0 50.858652576 0 0 50.0 0 18.8976377953 0 0 0 16.6666666667 55.9429477021 0 0 0 0 0 0 0 35.7142857143 0 0 
2018-6-7 0 54.9738219895 100.0 100.0 0 37.037037037 100.0 0 0 0 0 0 0 41.4490861619 0 20.0923787529 52.7777777778 0 50.0 0 0 0 0 0 0 38.4615384615 0 0 47.6964769648 0 0 100.0 0 11.4285714286 0 0 0 0 55.1020408163 100.0 0 33.3333333333 0 0 0 0 38.4615384615 0 0 
2018-6-8 0 57.5835475578 0 33.3333333333 0 33.8028169014 100.0 0 0 0 0 0 71.4285714286 42.2057264051 0 23.8493723849 52.9411764706 0 65.8064516129 0 0 0 100.0 0 0 35.7142857143 0 0 53.417721519 0 0 0 0 12.3076923077 0 0 0 0 56.8181818182 0 0 0 0 0 0 0 22.2222222222 0 0 
2018-6-9 0 58.4905660377 0 0 0 44.4444444444 0 0 0 0 0 0 100.0 42.5559105431 0 20.3349282297 47.2222222222 0 59.6153846154 0 50.0 0 0 0 0 56.25 0 0 54.9467275495 0 0 100.0 0 15.9663865546 0 0 0 66.6666666667 57.9365079365 33.3333333333 0 100.0 0 0 0 0 31.25 0 0 
2018-6-10 0 53.3333333333 0 0 0 42.0 0 0 0 0 0 0 33.3333333333 47.3103448276 0 23.7654320988 57.1428571429 0 61.8421052632 0 0 0 0 0 0 33.3333333333 0 0 49.7247706422 0 0 0 0 20.0 0 0 0 50.0 53.2258064516 100.0 0 0 0 0 0 0 50.0 0 0 
2018-6-11 0 57.5609756098 0 0 0 29.1666666667 0 0 0 0 0 0 0 46.4174454829 0 21.3178294574 55.1724137931 0 65.306122449 0 0 0 100.0 0 0 83.3333333333 0 0 53.711790393 0 0 0 0 15.5844155844 100.0 0 0 0 55.1928783383 100.0 0 0 0 0 0 0 33.3333333333 0 0 
2018-6-12 0 60.8108108108 0 0 0 30.303030303 0 0 0 0 0 0 66.6666666667 52.7003484321 0 21.3567839196 42.5 0 60.7142857143 0 0 0 50.0 0 0 42.8571428571 0 0 50.3076923077 0 0 50.0 50.0 12.3076923077 0 0 0 50.0 56.8224299065 0 0 0 0 0 0 0 40.0 0 0 
2018-6-13 0 59.2696629213 0 50.0 0 35.7142857143 0 0 0 0 0 0 60.0 54.4525547445 0 29.9107142857 65.0 0 65.5462184874 0 0 0 100.0 0 0 61.5384615385 0 0 56.75 0 0 66.6666666667 0 13.6690647482 0 0 0 0 53.7942664418 100.0 0 0 0 0 0 0 25.0 0 0 
2018-6-14 0 68.813559322 0 0 0 31.25 0 0 0 0 0 0 100.0 53.9556962025 0 25.6880733945 65.1162790698 0 56.1904761905 0 0 0 0 0 0 41.6666666667 0 0 63.3841886269 0 0 50.0 100.0 13.1578947368 0 0 0 100.0 52.4390243902 100.0 0 100.0 0 0 0 0 35.2941176471 0 0 
2018-6-15 0 67.9365079365 0 0 0 26.5625 0 0 0 0 0 0 100.0 52.8340080972 0 29.1457286432 80.0 0 62.015503876 0 0 0 100.0 0 0 62.5 0 0 66.6666666667 0 0 50.0 0 13.6 0 0 0 0 51.8446601942 0 0 0 0 0 100.0 0 62.5 0 0 
2018-6-16 0 72.9241877256 0 0 0 41.2698412698 0 0 0 0 0 0 75.0 54.8927613941 0 34.6153846154 75.6097560976 0 61.3861386139 0 100.0 0 0 0 0 30.0 0 0 67.2727272727 0 0 100.0 0 13.0841121495 0 0 0 66.6666666667 53.4412955466 0 0 0 0 0 100.0 0 45.0 0 0 
2018-6-17 0 70.7482993197 0 0 0 31.25 0 0 0 0 0 0 66.6666666667 51.3595166163 0 36.6292134831 60.9756097561 0 67.3684210526 0 0 0 100.0 0 0 54.5454545455 0 0 60.0543478261 0 0 100.0 0 13.698630137 0 0 0 100.0 53.5104364326 66.6666666667 0 100.0 0 0 50.0 0 35.7142857143 0 0 
2018-6-18 0 66.339869281 0 0 0 28.9473684211 0 0 0 0 0 0 100.0 49.1610738255 0 31.3218390805 62.2222222222 0 61.5384615385 0 0 0 0 0 0 28.5714285714 0 0 58.3928571429 0 0 75.0 0 15.0684931507 100.0 0 0 100.0 55.4982817869 100.0 0 0 0 0 0 0 18.1818181818 0 0 
2018-6-19 0 63.0094043887 0 0 0 31.1475409836 0 0 0 0 0 0 60.0 54.1592920354 0 35.7630979499 70.0 0 68.2692307692 0 0 0 100.0 0 0 50.0 0 0 57.8266494179 0 0 0 0 10.2040816327 0 0 0 50.0 48.1543624161 100.0 0 0 0 0 0 0 52.9411764706 0 0 
2018-6-20 0 59.60591133 0 0 0 28.813559322 0 0 0 0 0 0 0 49.8736310025 0 40.3645833333 54.8387096774 0 56.043956044 0 0 0 50.0 0 0 44.4444444444 0 0 51.6788321168 0 0 0 0 11.5384615385 0 0 0 0 46.6183574879 66.6666666667 0 0 0 0 0 0 25.0 0 0 
2018-6-21 0 60.5714285714 0 50.0 0 36.0 0 0 0 0 0 0 100.0 53.6251709986 0 46.3414634146 51.4285714286 0 55.5555555556 0 0 0 0 0 0 0 0 0 52.8301886792 0 0 0 0 14.9253731343 0 0 0 50.0 53.8983050847 0 0 0 0 0 0 0 57.1428571429 0 0 
2018-6-22 0 66.6666666667 0 0 0 39.1304347826 0 0 0 0 0 0 0 54.8755884331 0 51.9512195122 49.0196078431 0 70.1492537313 0 0 0 0 0 0 81.8181818182 0 0 55.0702028081 0 0 0 0 10.5691056911 0 0 0 75.0 55.0675675676 0 0 0 0 0 100.0 0 33.3333333333 0 0 
2018-6-23 0 66.6666666667 0 0 0 28.5714285714 0 0 0 0 0 0 100.0 53.0253025303 0 49.6666666667 60.0 0 68.1818181818 0 0 0 100.0 0 0 83.3333333333 0 0 53.9503386005 0 0 50.0 0 6.60377358491 0 100.0 0 0 57.3298429319 0 0 100.0 0 0 0 0 40.0 0 0 
2018-6-24 0 62.4 100.0 0 0 38.2978723404 0 0 0 0 0 0 100.0 48.135359116 0 50.4347826087 55.5555555556 0 66.6666666667 0 0 0 50.0 0 0 54.5454545455 0 0 47.9061976549 0 0 0 0 10.7692307692 100.0 0 0 0 53.9503386005 100.0 0 50.0 0 0 0 0 40.0 0 0 
2018-6-25 0 60.396039604 0 50.0 0 44.6153846154 0 0 0 0 0 0 100.0 50.5319148936 0 53.3834586466 60.0 0 59.842519685 0 0 0 0 0 0 100.0 0 0 51.2195121951 0 0 0 0 12.1621621622 0 0 0 100.0 51.7628205128 100.0 0 0 0 0 0 0 50.0 0 0 
2018-6-26 0 64.9446494465 100.0 0 0 36.6666666667 0 0 0 0 0 0 0 50.9307520477 0 49.5594713656 58.6956521739 0 60.1851851852 0 0 0 100.0 0 0 77.7777777778 0 0 51.9444444444 0 0 0 0 12.1739130435 0 0 0 0 52.8487229862 66.6666666667 0 0 0 0 0 0 27.2727272727 0 0 
2018-6-27 0 71.0784313725 0 0 0 48.6111111111 0 0 0 0 0 0 50.0 51.0226049516 0 46.6850828729 60.7142857143 0 55.0724637681 0 0 0 100.0 0 0 69.2307692308 0 0 49.1166077739 0 0 0 0 14.0625 0 0 0 100.0 53.2258064516 0 0 0 0 0 0 0 50.0 0 0 
2018-6-28 0 74.1721854305 100.0 50.0 0 42.1052631579 100.0 0 0 0 0 0 0 57.4561403509 0 53.4031413613 59.0909090909 0 65.625 0 0 0 0 0 0 57.1428571429 0 0 55.9241706161 0 0 0 0 7.31707317073 0 0 0 0 61.0344827586 100.0 0 0 0 0 0 0 27.2727272727 0 0 
2018-6-29 0 70.4301075269 0 0 0 34.4827586207 0 0 0 0 0 0 0 54.6583850932 0 48.6682808717 53.5714285714 0 67.2131147541 0 0 0 0 0 0 86.6666666667 0 0 50.72 0 0 100.0 0 17.6470588235 0 0 0 66.6666666667 58.357771261 0 0 50.0 0 0 0 0 42.8571428571 0 0 
2018-6-30 0 76.1261261261 100.0 0 0 34.4827586207 0 0 0 0 0 0 0 55.2251486831 0 45.3012048193 53.3333333333 0 61.4457831325 0 0 0 0 0 100.0 76.9230769231 0 0 53.6858974359 0 0 50.0 0 23.8636363636 100.0 0 0 60.0 60.3375527426 100.0 0 0 0 100.0 0 0 31.25 0 0 
2018-7-1 0 71.2264150943 50.0 50.0 0 38.4615384615 0 0 0 0 0 0 100.0 52.780586451 0 41.1411411411 64.7058823529 0 71.4285714286 0 0 0 0 0 0 66.6666666667 0 0 44.3082311734 0 0 100.0 0 9.57446808511 100.0 0 0 0 70.9302325581 0 0 100.0 0 0 100.0 0 33.3333333333 0 0 
2018-7-2 0 68.8888888889 100.0 0 0 37.5 0 0 0 0 0 0 100.0 47.4166666667 0 40.5797101449 56.7567567568 0 58.3333333333 0 0 0 0 0 0 55.5555555556 0 0 40.9168081494 0 0 0 50.0 14.953271028 100.0 0 0 100.0 67.0498084291 0 0 100.0 0 0 0 0 35.7142857143 0 0 
2018-7-3 0 59.6412556054 0 0 0 47.2727272727 0 0 0 0 0 0 0 52.3625096824 0 37.8082191781 40.7407407407 0 47.6744186047 0 0 0 0 0 0 40.0 0 0 43.6241610738 0 0 0 0 10.4651162791 50.0 0 0 50.0 67.6274944568 0 0 0 0 0 100.0 0 35.7142857143 0 0 
2018-7-4 0 62.2950819672 0 0 0 58.4905660377 0 0 0 0 0 0 0 49.2222222222 0 41.5730337079 41.6666666667 0 60.6060606061 0 0 0 0 0 0 20.0 0 0 45.4382826476 0 0 0 0 16.9014084507 0 0 0 0 62.2107969152 0 0 0 0 0 0 0 50.0 0 0 
2018-7-5 0 66.149068323 0 100.0 0 66.6666666667 0 0 0 100.0 0 0 50.0 49.5836487509 0 43.7799043062 67.2727272727 0 58.3333333333 0 0 0 0 0 0 86.6666666667 0 0 50.0 0 0 66.6666666667 0 12.5 0 0 0 50.0 71.3836477987 0 0 0 0 0 100.0 0 30.0 0 0 
2018-7-6 0 69.6750902527 0 50.0 0 60.0 0 0 0 0 0 0 100.0 47.7108433735 0 47.2584856397 46.1538461538 0 61.2612612613 0 0 0 0 0 0 66.6666666667 0 0 47.2891566265 0 0 100.0 0 12.962962963 0 0 0 100.0 69.6356275304 0 0 0 0 0 0 0 25.0 0 0 
2018-7-7 0 68.8235294118 100.0 100.0 0 68.9655172414 0 0 0 0 0 0 100.0 50.634696756 0 32.8571428571 40.9090909091 0 69.6428571429 0 0 0 0 0 0 83.3333333333 0 0 43.2203389831 0 0 0 0 11.6666666667 50.0 0 100.0 0 64.8648648649 0 0 100.0 0 0 0 0 10.0 0 0 
2018-7-8 0 61.6216216216 0 0 0 63.6363636364 0 0 0 0 0 0 100.0 47.7876106195 0 44.5482866044 56.0 0 60.0 0 0 0 0 0 0 53.8461538462 0 0 46.0122699387 0 0 0 0 11.8421052632 0 0 0 100.0 70.2127659574 50.0 0 0 0 0 0 0 27.2727272727 0 0 
2018-7-9 0 67.1232876712 100.0 0 0 58.1395348837 0 0 0 0 0 0 100.0 46.6 0 39.8119122257 41.935483871 0 56.4102564103 0 100.0 0 100.0 0 0 50.0 0 0 44.7058823529 0 0 0 0 14.4444444444 0 0 0 0 70.8542713568 0 0 0 0 0 0 0 16.6666666667 0 0 
2018-7-10 0 64.7887323944 0 0 0 63.6363636364 100.0 0 0 0 0 0 50.0 50.0 0 44.3645083933 69.696969697 0 65.306122449 0 0 0 66.6666666667 0 0 70.0 0 0 47.5975975976 0 0 50.0 100.0 12.0689655172 0 0 0 0 71.7850287908 0 100.0 0 0 0 0 0 40.0 0 0 
2018-7-11 0 65.8227848101 0 0 0 72.7272727273 0 0 0 0 0 0 50.0 53.732503888 0 40.6779661017 80.6451612903 0 71.7948717949 0 0 0 100.0 0 100.0 80.0 0 0 46.4837049743 0 0 33.3333333333 100.0 23.4234234234 0 0 0 50.0 72.860125261 0 0 0 0 0 0 0 26.3157894737 0 0 
2018-7-12 0 52.9411764706 0 0 0 55.5555555556 0 0 0 0 0 0 0 43.1034482759 0 37.3737373737 83.3333333333 0 80.0 0 0 0 0 0 0 0 0 0 32.5581395349 0 0 0 0 12.5 0 0 0 0 60.0 0 0 0 0 0 0 0 37.5 0 0 
2018-7-13 0 40.0 100.0 0 0 14.2857142857 0 0 0 0 0 0 0 0 0 2.5 50.0 0 0 0 0 0 0 0 0 0 0 0 7.79220779221 0 0 0 0 0 0 0 0 0 62.5 0 0 0 0 0 0 0 28.5714285714 0 0 
2018-7-14 0 0 0 0 0 25.0 0 0 0 0 0 0 0 50.0 0 0 0 0 0 0 0 0 0 0 0 0 0 0 7.01754385965 0 0 0 0 0 0 0 0 0 63.6363636364 0 0 0 0 0 0 0 27.2727272727 0 0 
2018-7-15 0 0 0 0 0 0 0 0 0 0 0 0 0 0 0 0 0 0 0 0 0 0 0 0 100.0 0 0 100.0 8.19672131148 0 0 0 0 0 0 0 0 0 61.1111111111 0 0 0 0 0 0 0 14.2857142857 0 0 
2018-7-16 0 0 0 0 0 0 0 0 0 0 0 0 0 100.0 0 11.7647058824 100.0 0 0 0 0 0 0 0 0 0 0 0 6.25 0 0 0 0 0 0 0 0 0 64.2857142857 0 0 0 0 0 0 0 11.1111111111 0 0 
2018-7-17 0 0 0 0 0 33.3333333333 0 0 0 0 0 0 0 100.0 0 0 66.6666666667 0 0 0 0 0 0 0 0 0 0 0 3.7037037037 0 0 0 0 0 0 0 0 0 59.2592592593 0 0 0 0 0 0 0 16.6666666667 0 0 
2018-7-18 0 0 0 0 0 0 0 0 0 0 0 0 0 0 0 0 66.6666666667 0 50.0 0 0 0 0 0 0 0 0 100.0 4.54545454545 0 0 0 0 0 0 0 0 0 71.1111111111 0 0 0 0 0 0 0 38.4615384615 0 0 
2018-7-19 0 50.0 0 0 0 0 0 0 0 0 0 0 0 0 0 0 0 0 0 0 0 0 0 0 0 0 0 0 11.1111111111 0 0 0 0 0 0 0 0 0 53.8461538462 0 0 0 0 0 0 0 18.75 0 0 
2018-7-20 0 0 0 0 0 100.0 0 0 0 0 0 0 0 0 0 0 0 0 0 0 0 0 0 0 0 0 0 0 0 0 0 0 0 0 0 0 0 0 56.4102564103 0 0 0 0 0 0 0 15.3846153846 0 0 
2018-7-21 0 0 0 0 0 0 0 0 0 0 0 0 0 0 0 0 0 0 0 0 0 0 0 0 0 0 0 0 16.6666666667 0 0 0 0 0 0 0 0 0 57.5757575758 0 0 0 0 0 0 0 28.5714285714 0 0 
2018-7-22 0 0 0 0 0 0 0 0 0 0 0 0 0 0 0 0 0 0 25.0 0 0 0 0 0 0 0 0 0 5.26315789474 0 0 0 0 0 0 0 0 0 58.064516129 0 0 0 0 0 0 0 38.8888888889 0 0 
2018-7-23 0 100.0 0 0 0 0 100.0 0 0 0 0 0 0 100.0 0 0 0 0 0 0 0 0 0 0 0 0 0 0 6.66666666667 0 0 0 0 0 0 0 0 0 61.0169491525 0 0 0 0 0 0 0 29.4117647059 0 0 
2018-7-24 0 0 0 0 0 0 0 0 0 0 0 0 0 0 0 0 0 0 0 0 0 0 0 0 100.0 0 0 0 6.25 0 0 0 0 0 0 0 0 0 45.1219512195 0 0 0 0 0 0 0 12.1212121212 0 0 
2018-7-25 0 0 0 0 0 0 0 0 0 0 0 0 0 0 0 16.6666666667 100.0 0 0 0 0 0 0 0 100.0 0 0 50.0 30.0 0 0 0 0 0 0 0 0 0 56.9444444444 0 0 0 0 0 0 0 17.3913043478 0 0 
2018-7-26 0 100.0 0 0 0 0 0 0 0 0 0 0 0 0 0 0 0 0 0 0 0 0 0 0 100.0 0 0 0 50.0 0 0 0 0 0 0 0 0 0 51.4285714286 0 0 0 0 0 0 0 30.0 0 0 
2018-7-27 0 0 0 0 0 0 0 0 0 0 0 0 100.0 0 0 0 100.0 0 50.0 0 0 0 0 0 0 0 0 0 13.3333333333 0 0 0 0 0 0 0 0 0 54.5454545455 0 0 0 0 0 0 0 11.1111111111 0 0 
2018-7-28 0 50.0 0 0 0 0 0 0 0 0 0 0 0 100.0 0 16.6666666667 0 0 0 0 0 0 0 0 0 0 0 0 25.0 0 0 0 0 0 0 0 0 0 57.7777777778 0 0 0 0 0 0 0 21.4285714286 0 0 
2018-7-29 0 100.0 0 0 0 0 0 0 0 0 0 0 0 100.0 0 0 0 0 0 0 0 0 0 0 0 0 0 0 36.3636363636 0 0 0 0 0 0 0 0 0 38.6363636364 0 0 0 0 0 0 0 13.3333333333 0 0 
2018-7-30 0 0 0 0 0 0 0 0 0 0 0 0 0 0 0 0 0 0 0 0 0 0 0 0 0 0 0 0 0 0 0 0 0 0 0 0 0 0 0 0 0 0 0 0 0 0 0 0 0 
2018-7-31 0 0 0 0 0 0 0 0 0 0 0 0 0 0 0 0 0 0 0 0 0 0 0 0 0 0 0 0 0 0 0 0 0 0 0 0 0 0 0 0 0 0 0 0 0 0 0 0 0 
