Browser 2_Crosswalk 3_Chrome 4_SeaMonkey 5_Maxthon 6_AppEngine-Google 7_Firefox_Mobile 8_Other 9_Apple_Mail 10_QQ_Browser 11_Android 12_QQ_Browser_Mobile 13_BlackBerry_WebKit 14_Mobile_Safari_UI/WKWebView 15_Mobile_Safari 16_Mail.ru_Chromium_Browser 17_Samsung_Internet 18_Chrome_Mobile_WebView 19_Electron 20_Facebook 21_Sogou_Explorer 22_Safari 23_IE_Mobile 24_Pale_Moon 25_Netscape 26_Chrome_Mobile_iOS 27_Konqueror 28_Amazon_Silk 29_UC_Browser 30_Opera 31_HeadlessChrome 32_Thunderbird 33_Chrome_Mobile 34_Dragon 35_Edge_Mobile 36_Opera_Mobile 37_Puffin 38_Edge 39_Iron 40_IE 41_MobileIron 42_Vivaldi 43_Firefox 44_Yandex_Browser 45_Coc_Coc 46_Seznam_prohle 47_Opera_Neon 48_Firefox_iOS 49_ThunderBrowse 50_Chromium 51_QupZilla 
2017-11-21 0 2.60869565217 0 0 0 0 0 0 0 0 0 0 0 4.54545454545 0 0 0 0 0 0 33.3333333333 0 0 0 0 0 0 0 0 0 0 3.84615384615 0 0 0 0 0 0 0 0 0 9.09090909091 0 0 0 0 0 0 0 0 
2017-11-22 0 12.1912350598 0 15.3846153846 0 1.91082802548 0 0 0 0 0 50.0 16.6666666667 6.31170662906 0 4.80863591757 1.96078431373 0 20.0 0 31.2684365782 0 0 0 33.3333333333 0 0 50.0 7.38636363636 0 0 7.77777777778 0 7.69230769231 5.26315789474 0 2.24403927069 0 2.85285285285 0 16.6666666667 7.34463276836 0 16.6666666667 0 0 0 0 22.2222222222 0 
2017-11-23 0 9.26630434783 0 0 0 4.77815699659 0 0 0 2.5641025641 0 0 7.14285714286 6.63430420712 0 6.40841702535 8.51063829787 0 0 25.0 16.1698956781 0 0 0 25.0 0 11.6279069767 0 6.02409638554 0 0 7.62155059133 0 14.2857142857 7.5 0 3.52480417755 0 2.64072272411 0 6.25 5.52380952381 5.88235294118 0 0 0 0 0 9.09090909091 0 
2017-11-24 0 5.84379615953 17.6470588235 8.0 0 8.28157349896 25.0 0 0 6.06060606061 0 16.6666666667 5.26315789474 7.89400018662 0 6.82205798749 6.08108108108 0 14.2857142857 0 12.6582278481 8.69565217391 0 0 7.14285714286 0 5.6338028169 0 8.02469135802 0 0 7.78909526663 0 9.25925925926 8.47457627119 0 3.26797385621 0 3.24786324786 0 13.6363636364 5.28908999497 10.0 0 0 0 0 0 3.0303030303 0 
2017-11-25 0 2.73464131505 4.7619047619 6.66666666667 0 5.07246376812 0 0 0 4.41988950276 0 0 3.84615384615 5.17193566278 0 4.03346921262 5.29100529101 0 14.8148148148 0 8.40058694057 5.88235294118 0 0 0 0 4.16666666667 33.3333333333 3.67892976589 0 0 5.26236429433 0 4.22535211268 5.88235294118 0 2.06677265501 0 2.13371266003 0 6.25 3.30387707985 5.12820512821 3.84615384615 0 0 0 0 7.5 0 
2017-11-26 0 2.58230711234 4.34782608696 5.40540540541 0 5.64430244941 14.2857142857 0 0 4.13223140496 0 0 6.66666666667 5.40342809365 0 4.88431876607 6.27177700348 0 3.44827586207 0 7.80388743835 8.51063829787 0 0 4.54545454545 0 0.813008130081 0 3.60480640854 0 0 6.03837471783 0 3.40909090909 5.1724137931 0 1.73889780631 0 1.73720783323 0 0 3.33969465649 4.25531914894 0 100.0 0 0 0 0 0 
2017-11-27 0 4.09781890284 7.40740740741 4.54545454545 0 4.3204320432 0 0 0 3.48432055749 0 7.14285714286 0 4.42778390298 0 3.89803075263 3.97727272727 0 0 0 7.0752484619 3.38983050847 0 0 14.2857142857 0 1.42857142857 10.0 3.73134328358 0 0 4.8743335872 0 3.80952380952 3.54609929078 0 2.48624862486 5.55555555556 2.14761787213 50.0 0 3.83963862225 3.50877192982 0 0 0 0 0 1.72413793103 0 
2017-11-28 0 4.54056380461 3.33333333333 2.0 0 4.05932864949 0 0 33.3333333333 5.21739130435 0 12.5 0 4.36432637571 0 4.82815057283 4.81012658228 0 0 0 6.43015521064 8.21917808219 0 0 10.8108108108 0 1.33333333333 9.09090909091 4.35967302452 0 0 5.0541814873 0 2.63157894737 2.5641025641 0 2.98365640441 0 3.12241521919 0 9.43396226415 3.90859361214 1.40845070423 0 0 0 0 0 4.41176470588 0 
2017-11-29 0 5.5997586636 3.22580645161 3.77358490566 0 4.75852272727 0 0 0 3.71352785146 0 0 6.97674418605 3.70264678605 0 3.76627569138 3.97196261682 0 0 0 6.18260244428 2.40963855422 0 25.0 6.97674418605 0 1.91082802548 0 5.32258064516 0 0 4.43755669791 0 5.69105691057 4.06976744186 0 4.07255304586 8.69565217391 4.89020114412 0 5.26315789474 5.00352636941 9.41176470588 8.62068965517 33.3333333333 0 0 0 7.69230769231 0 
2017-11-30 0 3.99772894262 0 4.61538461538 0 4.22712933754 0 0 0 4.40835266821 0 5.55555555556 4.08163265306 3.83835824677 0 4.12077478162 3.03643724696 0 0 0 5.4883868915 5.37634408602 0 0 4.16666666667 0 3.50877192982 0 3.44827586207 0 0 4.22582150237 0 4.1095890411 3.48258706468 0 3.35426558432 7.40740740741 3.52007932573 0 6.94444444444 3.63668061367 3.0303030303 0 0 0 16.6666666667 0 5.68181818182 0 
2017-12-1 0 3.31323485077 4.87804878049 8.45070422535 0 4.7619047619 16.6666666667 0 0 3.9501039501 0 5.0 5.66037735849 3.6709721278 0 4.05416771806 3.73665480427 0 0 0 4.79550691244 3.88349514563 0 0 3.7037037037 0 6.18556701031 0 3.1190324634 0 0 3.9992879606 0 3.50877192982 3.61990950226 0 3.24949014276 0 3.1526222746 0 4.6511627907 3.66317351386 4.67289719626 4.41176470588 20.0 0 0 0 3.92156862745 0 
2017-12-2 0 1.79096921178 2.43902439024 1.5873015873 0 3.23607427056 7.69230769231 0 0 3.14465408805 0 4.54545454545 6.0 3.05028622741 0 3.06300323732 2.85204991087 0 0 0 3.20617485528 4.5871559633 0 0 1.96078431373 0 2.13903743316 0 2.13454075032 0 0 3.49111032615 0 5.52486187845 0.884955752212 0 1.97085357391 3.33333333333 1.71726464275 0 1.12359550562 2.26418669277 2.83018867925 0 16.6666666667 0 14.2857142857 0 1.02040816327 0 
2017-12-3 0 2.1767766581 2.5641025641 4.54545454545 0 4.39289239882 13.3333333333 25.0 0 4.55486542443 0 0 4.0 4.67881112176 0 3.98805198999 4.40677966102 0 0 0 4.78890049232 7.5 0 0 2.12765957447 0 2.16216216216 5.55555555556 3.10478654592 0 0 4.67310972143 0 5.05617977528 4.95867768595 0 2.49362425616 2.85714285714 2.32297340596 0 4.44444444444 3.01639551814 1.88679245283 1.5873015873 14.2857142857 0 0 0 3.26086956522 0 
2017-12-4 0 3.63379726891 3.125 4.34782608696 0 4.03892944039 0 0 0 3.96659707724 0 8.69565217391 5.76923076923 3.07696719431 0 3.31409727947 3.34448160535 0 0 0 4.50106805005 4.6875 0 0 9.25925925926 0 2.42424242424 10.0 3.39743589744 0 0 3.64984647471 0 4.0 3.57142857143 0 2.90149426955 2.5641025641 3.52101249392 0 3.2967032967 3.60937549558 5.0 1.47058823529 12.5 0 11.1111111111 0 4.34782608696 0 
2017-12-5 0 4.10469773652 6.25 2.81690140845 0 5.53470919325 6.66666666667 0 0 6.48330058939 0 4.7619047619 6.0 5.01828410689 0 4.83369227088 3.7558685446 50.0 2.77777777778 0 5.95732068761 6.47482014388 0 0 1.81818181818 0 4.375 9.52380952381 3.79975874548 0 0 5.47899347207 0 7.18232044199 5.03875968992 0 3.86073283729 2.38095238095 4.01141826923 0 9.375 4.2628079781 0.961538461538 1.49253731343 0 0 0 0 4.12371134021 0 
2017-12-6 0 3.21943811693 0 1.49253731343 0 6.20083294771 12.5 0 0 4.70588235294 0 13.6363636364 4.0 4.57489995106 0 4.24566520823 4.70016207455 0 0 0 5.16907492924 2.1897810219 12.5 0 1.75438596491 0 5.29801324503 0 3.45635618043 0 0 5.00592584232 0 5.4347826087 3.2 0 2.76395798784 0 2.70691609977 0 5.10204081633 3.39445730224 2.85714285714 1.61290322581 11.1111111111 0 0 0 2.94117647059 0 
2017-12-7 0 2.37778200495 2.85714285714 1.5873015873 0 3.7539574853 6.66666666667 0 0 2.91262135922 0 0 7.8431372549 2.99071539102 0 3.60845783329 3.91517128874 0 0 0 3.602192639 5.55555555556 11.1111111111 0 0 0 2.72108843537 0 1.9536019536 0 0 4.05504898907 0 7.48663101604 1.64609053498 0 1.82661641055 2.38095238095 1.51194436045 0 2.0202020202 2.50231696015 2.0 1.66666666667 0 0 0 0 1.02040816327 0 
2017-12-8 0 3.23673680134 7.89473684211 1.6393442623 0 5.02361528553 7.14285714286 0 0 4.85436893204 0 8.69565217391 5.45454545455 4.68676951847 0 4.75102426725 4.31432973806 0 0 0 5.16326202348 1.3698630137 0 0 2.12765957447 0 2.5974025974 4.54545454545 3.46268656716 0 12.5 5.41718894763 25.0 7.69230769231 2.734375 7.14285714286 3.1528937518 2.27272727273 3.03399908523 0 3.80952380952 3.64317019722 3.1914893617 1.72413793103 0 0 8.33333333333 0 3.0612244898 0 
2017-12-9 0 2.26250374863 0 1.49253731343 0 5.15920999597 0 0 0 4.77941176471 0 8.33333333333 0 5.01089925775 0 4.64499004645 5.36723163842 0 0 10.0 4.58462038693 4.51612903226 0 0 4.44444444444 0 4.29447852761 10.7142857143 2.91205591147 0 11.1111111111 5.33524121014 0 4.44444444444 5.05415162455 0 3.19330116378 0 2.27730441518 0 5.21739130435 3.06110139333 1.0989010989 0 0 0 0 0 1.12359550562 0 
2017-12-10 0 2.23338916806 7.14285714286 3.38983050847 0 3.90413606494 13.3333333333 0 0 3.29067641682 0 8.33333333333 7.54716981132 3.85887541345 0 3.70424066691 4.20168067227 0 3.84615384615 0 3.95671288468 2.46913580247 0 0 2.32558139535 0 3.59281437126 9.67741935484 2.89443813848 0 0 4.42942942943 28.5714285714 3.58744394619 3.81944444444 7.14285714286 2.3449863329 0 2.34599425471 0 2.80373831776 2.709277222 1.12359550562 4.16666666667 0 0 0 0 2.35294117647 0 
2017-12-11 0 4.27779880924 0 0 0 5.11278195489 0 0 0 4.96453900709 0 4.0 6.89655172414 3.95990527069 0 3.90134852528 4.04463040446 0 0 0 6.33567368773 2.40963855422 7.69230769231 0 4.7619047619 0 1.875 6.25 3.15964523282 0 0 4.69986726316 12.5 1.84331797235 5.59210526316 7.14285714286 3.29543819255 5.35714285714 3.98169336384 0 4.90196078431 4.1893378527 2.17391304348 2.17391304348 0 0 0 0 4.54545454545 0 
2017-12-12 0 2.81473899693 0 1.88679245283 0 2.69763956538 0 0 0 2.45183887916 0 0 1.66666666667 2.55599104143 0 2.62068965517 3.12075983718 0 0 0 3.89241563649 1.26582278481 7.69230769231 0 2.38095238095 0 1.25786163522 5.71428571429 1.73378076063 0 0 3.43429408891 0 1.94174757282 3.2154340836 7.14285714286 1.70013190679 1.69491525424 1.86775116734 0 2.04081632653 2.25357982793 2.17391304348 0 0 0 0 0 4.12371134021 0 
2017-12-13 0 3.50483714391 2.43902439024 2.12765957447 0 3.90595373531 6.66666666667 0 0 3.97236614853 0 4.16666666667 3.63636363636 3.03355471129 0 3.27761150449 2.77008310249 0 0 0 4.92025788938 0.680272108844 0 0 4.54545454545 0 0.671140939597 8.10810810811 1.95530726257 0 0 3.81619169707 0 0.980392156863 5.16129032258 0 2.25238663484 1.78571428571 2.07444460792 0 3.09278350515 2.69239933286 3.0303030303 2.22222222222 0 0 7.14285714286 0 1.03092783505 0 
2017-12-14 0 2.30747147061 0 0 0 2.45492903721 0 0 0 1.79533213645 0 4.16666666667 0 1.81161600963 0 2.15472093371 2.68361581921 0 0 0 2.50909090909 1.42857142857 0 0 0 0 0.671140939597 2.94117647059 1.29564193168 0 7.69230769231 3.00958275105 0 0.507614213198 2.29508196721 0 1.07699726732 0 1.00542610916 0 3.22580645161 1.6247778624 0 5.12820512821 0 0 5.88235294118 0 5.26315789474 0 
2017-12-15 0 1.46891276042 0 0 0 0.714886459209 7.69230769231 0 0 1.40562248996 0 0 0 1.32450331126 0 1.00320697311 1.70015455951 0 0 0 1.58566721582 1.5873015873 0 0 2.94117647059 0 0.751879699248 3.0303030303 0.843060959792 0 0 1.48176499535 0 2.20994475138 1.06761565836 0 0.898423175651 0 0.536639526277 0 1.26582278481 1.06284328411 1.14942528736 0 0 0 0 0 1.14942528736 0 
2017-12-16 0 3.27096689781 0 7.31707317073 0 5.78105781058 0 0 0 6.1876247505 0 4.0 0 4.73694887747 0 4.61538461538 4.90045941807 0 0 0 5.25178301275 3.75939849624 0 0 6.06060606061 0 2.89855072464 0 2.5152957172 0 0 6.3368656478 0 1.70454545455 6.73076923077 0 2.94396961064 5.76923076923 2.15741110667 0 7.59493670886 3.10436177755 3.57142857143 0 0 0 5.26315789474 0 1.20481927711 0 
2017-12-17 0 1.68129673494 2.22222222222 0 0 4.02414486922 0 0 0 2.08333333333 0 11.1111111111 0 2.3275862069 0 2.16839865805 2.78637770898 0 0 0 2.87395338312 0.819672131148 0 0 0 0 3.67647058824 0 1.2729844413 0 0 3.51394849785 0 1.20481927711 2.76923076923 0 1.48544266191 0 1.07959356478 0 2.5641025641 1.68358023251 0 2.94117647059 0 0 0 0 6.17283950617 0 
2017-12-18 0 5.36189209726 2.22222222222 5.26315789474 0 4.47154471545 7.69230769231 0 0 3.60169491525 0 3.84615384615 4.7619047619 3.67408688135 0 3.38032953966 4.16 0 0 0 6.17198335645 0.862068965517 0 0 16.2162162162 0 2.32558139535 0 3.22580645161 0 0 4.98985578768 0 3.92156862745 2.39520958084 0 3.16864707109 0 3.52187833511 0 4.1095890411 3.98537624041 0 0 0 0 0 0 1.2987012987 0 
2017-12-19 0 5.74670402866 4.34782608696 2.5641025641 0 5.41632983023 8.33333333333 0 0 4.4776119403 0 4.0 10.6382978723 5.39406763931 0 4.23113908558 5.40098199673 0 0 0 7.37179487179 5.35714285714 0 0 5.26315789474 0 1.57480314961 3.33333333333 3.49182763744 0 14.2857142857 5.92907175556 7.69230769231 2.7397260274 3.57142857143 0 4.00678397286 2.08333333333 4.06800242866 0 7.57575757576 4.38814838606 2.5641025641 2.5 0 0 0 0 2.35294117647 0 
2017-12-20 0 5.85340585341 8.51063829787 2.38095238095 0 4.90275526742 0 0 0 3.34075723831 0 12.0 11.7647058824 6.99396698096 0 4.82191301304 6.1320754717 0 0 0 9.46872322194 8.03571428571 0 0 14.2857142857 0 5.88235294118 0 6.49819494585 0 0 6.46771568095 0 4.92957746479 3.05810397554 0 5.70123162495 4.0 5.19911504425 0 9.23076923077 5.20081793279 2.81690140845 2.63157894737 0 0 5.26315789474 0 2.17391304348 0 
2017-12-21 0 5.300053581 6.0 2.32558139535 0 3.9026437264 0 20.0 0 3.28638497653 0 0 6.25 5.48975845063 0 4.12599822538 3.17965023847 0 0 0 7.4009196409 3.63636363636 7.14285714286 11.1111111111 4.87804878049 0 3.54609929078 0 5.42577241899 0 0 5.24346600152 7.69230769231 4.96453900709 3.95136778116 0 4.12223133716 2.22222222222 3.54749704375 0 3.27868852459 4.21069744757 4.4776119403 5.26315789474 0 0 5.0 0 3.61445783133 0 
2017-12-22 0 4.98430310068 2.12765957447 2.5 0 3.89233954451 0 0 0 4.08163265306 33.3333333333 4.34782608696 2.27272727273 6.4338722502 0 4.33845092289 3.68 0 0 0 7.77341327269 7.43801652893 0 0 6.97674418605 33.3333333333 5.22875816993 0 5.83573487032 0 0 5.24378057119 0 8.38709677419 3.9755351682 0 4.65423026192 0 3.74291115312 0 3.07692307692 4.61526587945 5.47945205479 2.77777777778 0 0 10.0 0 4.0 0 
2017-12-23 0 2.66496884806 4.16666666667 2.5 0 2.25890529974 0 0 0 2.15827338129 0 0 8.51063829787 3.17653009611 0 2.27686703097 2.93637846656 0 0 0 4.2328042328 1.69491525424 0 0 4.6511627907 0 0.625 5.26315789474 3.32594235033 0 0 2.94437792533 0 1.37931034483 0.326797385621 0 2.88167938931 0 2.1533507748 0 4.83870967742 2.54797613288 3.0303030303 2.85714285714 0 0 0 0 0 0 
2017-12-24 0 1.52646811689 0 2.63157894737 0 1.19156736939 0 0 0 2.23325062035 0 0 4.16666666667 1.76803152304 0 1.31316014844 0.511073253833 0 0 0 2.25868314511 2.65486725664 0 0 2.32558139535 0 2.46913580247 11.7647058824 1.78306092125 0 0 1.81715256156 0 2.85714285714 0.699300699301 0 1.19414483821 0 0.748285179796 0 0 1.407870904 0 0 0 0 0 0 1.53846153846 0 
2017-12-25 0 2.01299295452 0 4.7619047619 0 1.89530685921 7.69230769231 0 0 2.1897810219 0 0 1.92307692308 2.29385407611 0 2.29021789522 1.17647058824 0 0 0 2.26747847995 2.67857142857 0 0 6.3829787234 0 2.28571428571 7.14285714286 2.54916241806 0 0 2.58796321788 0 0.729927007299 2.36486486486 0 1.52141247183 0 1.71393593144 0 0 1.59848606861 1.49253731343 2.63157894737 0 0 5.26315789474 0 0 0 
2017-12-26 0 3.42493387726 0 4.44444444444 0 5.86319218241 0 0 0 4.26065162907 0 4.34782608696 11.320754717 6.55046111583 0 5.11428571429 5.25423728814 0 0 0 5.17961570593 5.71428571429 0 0 6.12244897959 25.0 6.70391061453 12.5 4.95333811917 0 0 5.83305397251 0 4.7619047619 3.59712230216 8.33333333333 3.71946706144 0 2.34885620915 0 7.35294117647 3.49322621298 4.54545454545 4.6511627907 0 0 5.26315789474 0 9.23076923077 0 
2017-12-27 0 2.71861471861 0 0 0 3.7054631829 0 0 0 5.32687651332 0 0 0 3.5111560584 0 3.12706037487 3.86554621849 0 5.88235294118 0 3.54812398042 3.80952380952 0 0 3.84615384615 0 3.24324324324 6.25 2.82087447109 0 7.69230769231 3.7353610479 8.33333333333 4.7619047619 3.71747211896 0 2.11688076714 0 1.93408328399 0 0 2.40417587442 4.28571428571 0 0 0 5.88235294118 0 1.5625 0 
2017-12-28 0 4.55026455026 2.22222222222 0 0 3.39399901623 6.66666666667 0 0 3.90243902439 0 8.33333333333 7.8125 5.70595585173 0 4.02690834346 3.90879478827 0 0 0 7.70853307766 4.80769230769 0 0 9.43396226415 0 3.44827586207 6.25 6.06469002695 0 9.09090909091 4.95131209771 0 6.29370629371 3.0534351145 0 4.46611909651 4.87804878049 4.01881983925 0 2.98507462687 4.45798244042 6.66666666667 4.54545454545 0 0 6.25 0 3.07692307692 0 
2017-12-29 0 3.81302748323 2.32558139535 2.63157894737 0 4.20124481328 0 0 0 5.48628428928 0 4.0 5.71428571429 5.034932052 0 4.90740740741 5.51948051948 0 0 0 5.35265700483 4.12371134021 0 0 3.77358490566 0 2.40384615385 6.66666666667 4.73333333333 0 16.6666666667 5.78283945157 0 4.22535211268 4.59770114943 0 3.29113924051 4.6511627907 2.94961081524 0 15.0 3.43937787204 5.6338028169 4.54545454545 0 0 0 0 7.93650793651 0 
2017-12-30 0 2.4746162928 0 0 0 2.75745638717 0 0 0 2.01005025126 0 0 2.89855072464 2.56190203744 0 3.05940594059 2.71739130435 0 0 0 4.07516891892 4.44444444444 5.88235294118 0 4.08163265306 0 1.57068062827 0 2.89855072464 0 0 3.09750297265 0 2.29007633588 2.8 0 1.98184849046 4.6511627907 1.48645408775 0 1.33333333333 2.0621648982 1.47058823529 2.38095238095 0 0 5.88235294118 0 1.92307692308 0 
2017-12-31 0 2.14687516127 0 5.40540540541 0 3.15476190476 0 0 0 2.12765957447 0 4.0 3.27868852459 2.89021253554 0 2.99539170507 3.83141762452 0 0 0 3.40805123513 2.38095238095 0 0 11.1111111111 0 1.11111111111 0 2.39752513534 0 0 3.5845008204 0 3.2 3.0303030303 0 1.84194890077 2.7027027027 1.7472017472 0 4.1095890411 1.5607319833 3.125 0 0 0 0 0 2.12765957447 0 
2018-1-1 0 0.123251371172 0 0 0 0 0 0 0 0.3125 0 0 0 0.0486815415822 0 0.0611770463722 0 0 0 0 0 0 0 0 0 0 0 0 0 0 0 0.0886262924668 0 0 0 0 0.0476303881877 0 0.0672268907563 0 0 0.0637493738901 0 0 0 0 0 0 0 0 
2018-1-2 0 0 0 0 0 0 0 0 0 0 0 0 0 0 0 0 0 0 0 0 0 0 0 0 0 0 0 0 0 0 0 0 0 0 0 0 0 0 0 0 0 0 0 0 0 0 0 0 0 0 
2018-1-3 0 0 0 0 0 0 0 0 0 0 0 0 0 0 0 0 0 0 0 0 0 0 0 0 0 0 0 0 0 0 0 0 0 0 0 0 0 0 0 0 0 0 0 0 0 0 0 0 0 0 
2018-1-4 0 0 0 0 0 0 0 0 0 0 0 0 0 0 0 0 0 0 0 0 0 0 0 0 0 0 0 0 0 0 0 0 0 0 0 0 0 0 0 0 0 0 0 0 0 0 0 0 0 0 
2018-1-5 0 0 0 0 0 0 0 0 0 0 0 0 0 0 0 0 0 0 0 0 0 0 0 0 0 0 0 0 0 0 0 0 0 0 0 0 0 0 0 0 0 0 0 0 0 0 0 0 0 0 
2018-1-6 0 3.52279825109 3.22580645161 3.0303030303 0 2.43261012492 7.14285714286 0 0 2.5974025974 0 0 3.38983050847 2.53196822295 25.0 2.42614707731 3.16027088036 0 0 0 4.20480549199 2.63157894737 0 0 7.14285714286 0 2.38095238095 0 2.83569641368 0 0 3.33181195801 7.14285714286 1.96078431373 2.31481481481 0 2.34625833539 7.89473684211 2.33711048159 0 5.6338028169 2.10294051425 7.40740740741 4.87804878049 0 0 0 0 2.27272727273 0 
2018-1-7 0 3.52776595098 0 0 0 2.03527815468 0 0 0 1.60256410256 0 0 0 3.03988023454 0 2.30892702803 2.0316027088 0 0 7.69230769231 5.04939626784 2.77777777778 0 0 4.91803278689 20.0 3.125 0 2.49569707401 0 0 2.7628032345 7.69230769231 2.91262135922 0 0 1.74757281553 5.88235294118 2.3709902371 0 1.47058823529 2.2283167638 1.92307692308 0 0 0 5.88235294118 0 2.22222222222 0 
2018-1-8 0 7.65911542611 7.14285714286 0 0 2.5325119781 0 0 16.6666666667 2.0 0 0 3.44827586207 2.41976783885 0 2.72507322043 2.98165137615 0 0 0 7.01434159061 4.05405405405 0 0 4.54545454545 0 2.5641025641 0 4.21585160202 50.0 0 2.84411469202 0 5.66037735849 0.943396226415 7.69230769231 3.35101253616 6.25 5.39447066757 0 3.1746031746 4.06753331698 3.63636363636 0 0 0 0 0 12.0 0 
2018-1-9 0 8.65332903087 0 5.88235294118 0 8.43373493976 0 0 0 5.67375886525 0 0 3.27868852459 7.02421362299 0 6.91916488223 6.93779904306 0 12.5 9.09090909091 10.4391468005 8.64197530864 0 0 6.15384615385 0 9.4674556213 0 6.08486789432 0 15.3846153846 6.6883910387 0 6.25 4.32692307692 0 7.59433962264 7.89473684211 10.5394449641 0 4.41176470588 6.67296191376 1.81818181818 0 0 0 0 0 3.50877192982 0 
2018-1-10 0 7.01628963897 3.7037037037 6.45161290323 0 7.14285714286 7.14285714286 14.2857142857 0 7.27272727273 0 0 5.1724137931 6.35989010989 0 6.85553922224 6.15763546798 0 11.7647058824 0 7.86489746683 1.38888888889 0 0 4.83870967742 0 6.09756097561 11.1111111111 5.31829170024 0 7.69230769231 6.73617333225 7.69230769231 3.22580645161 4.25531914894 0 5.83314492426 0 7.81954887218 0 4.61538461538 4.87804878049 6.77966101695 2.7027027027 0 0 0 50.0 5.0 0 
2018-1-11 0 8.55377870772 6.45161290323 5.88235294118 0 10.4153354633 6.66666666667 0 0 8.51063829787 20.0 9.52380952381 1.81818181818 10.1751735209 0 9.09691048323 9.39086294416 0 11.7647058824 0 10.1923557332 6.66666666667 0 0 6.34920634921 0 5.02793296089 0 6.91964285714 0 8.33333333333 9.69551282051 0 12.7450980392 9.09090909091 0 8.65889878912 6.81818181818 13.0486712451 20.0 10.6666666667 7.41919404931 10.6060606061 2.5 0 0 5.26315789474 0 4.7619047619 25.0 
2018-1-12 0 6.64352757137 12.9032258065 5.55555555556 0 8.37988826816 6.66666666667 0 0 8.9605734767 0 0 8.0 9.12516695287 0 8.4497490845 7.61154855643 0 0 0 9.05236907731 7.79220779221 0 0 6.45161290323 0 6.39534883721 14.2857142857 6.58499234303 0 0 8.63303498779 0 10.1851851852 7.93650793651 0 7.83472567171 2.43902439024 9.47399011915 0 5.47945205479 5.86440936475 4.41176470588 0 0 0 0 0 7.93650793651 20.0 
2018-1-13 0 5.42180005643 9.375 2.77777777778 0 9.61424332344 0 0 0 9.24092409241 16.6666666667 5.0 2.32558139535 11.1378067616 0 10.2633522028 14.1255605381 0 6.25 0 7.66090297791 12.6436781609 7.14285714286 0 7.93650793651 0 5.20231213873 9.09090909091 7.2030651341 0 0 10.741312174 7.69230769231 10.6194690265 11.5183246073 0 8.02430337314 2.43902439024 7.94899620184 0 3.33333333333 6.30531782606 6.75675675676 2.7027027027 0 0 0 0 4.83870967742 0 
2018-1-14 0 3.65390771482 3.0303030303 0 0 7.05815923207 7.14285714286 0 0 9.58083832335 0 5.0 5.12820512821 6.802636488 0 7.44705608564 8.58895705521 0 0 0 5.72563683104 8.88888888889 0 0 8.9552238806 16.6666666667 3.27868852459 8.69565217391 5.58069381599 0 8.33333333333 7.81457881101 0 6.77966101695 8.33333333333 5.88235294118 5.09733092515 7.14285714286 4.85182271178 0 7.57575757576 4.29719888965 4.93827160494 0 0 0 0 0 1.53846153846 0 
2018-1-15 0 3.55162341786 10.5263157895 0 0 5.7268722467 0 0 0 4.94505494505 0 19.0476190476 2.7027027027 4.56450682561 0 5.03084450117 4.20650095602 0 0 0 4.58081244598 3.33333333333 0 0 3.27868852459 0 2.74725274725 12.0 4.81838398814 0 0 5.10439349302 0 2.63157894737 5.76923076923 0 2.89061023994 4.44444444444 5.59226050024 0 4.41176470588 3.52310783657 2.43902439024 0 0 0 5.88235294118 0 4.54545454545 0 
2018-1-16 0 5.73773726372 2.5 6.06060606061 0 7.53459764223 13.3333333333 0 0 6.9825436409 0 9.09090909091 4.87804878049 7.87744633007 0 6.73483433291 6.57193605684 0 0 9.09090909091 8.00480288173 7.60869565217 12.5 0 9.52380952381 0 2.18579234973 4.0 5.45193687231 0 0 6.97244423238 0 6.45161290323 5.45454545455 0 5.45293072824 2.27272727273 6.23516720604 0 7.24637681159 4.93039071021 5.61797752809 5.26315789474 0 0 16.6666666667 0 5.6338028169 0 
2018-1-17 0 5.07375287229 2.43902439024 6.06060606061 0 5.16066212269 0 0 0 4.46009389671 0 0 7.31707317073 6.21863263203 0 5.66924778761 4.05405405405 0 0 0 6.49777605879 6.06060606061 7.69230769231 0 6.66666666667 0 4.61538461538 0 6.08755129959 0 8.33333333333 5.93820224719 0 4.7619047619 7.85123966942 0 4.69188831984 4.34782608696 6.23885918004 0 1.40845070423 4.77656526245 3.22580645161 5.40540540541 0 0 5.55555555556 0 0 0 
2018-1-18 0 4.49897750511 0 5.71428571429 0 4.82256596906 0 0 0 5.9866962306 14.2857142857 5.0 5.12820512821 4.87553808722 0 5.03782668501 4.86656200942 0 5.88235294118 0 5.16781083143 7.33944954128 0 0 9.67741935484 0 3.88349514563 0 4.07894736842 0 0 5.32634338139 0 3.81679389313 6.43939393939 11.7647058824 3.5115469788 2.08333333333 3.94409343289 0 4.16666666667 3.75254765616 3.09278350515 4.87804878049 0 0 0 0 4.0 0 
2018-1-19 0 5.09394115934 0 3.44827586207 0 4.92027334852 0 0 0 5.94479830149 0 5.26315789474 10.2564102564 6.09588413237 0 4.53539823009 4.60317460317 0 0 0 6.69367283951 4.71698113208 7.69230769231 10.0 7.69230769231 0 6.77083333333 0 5.42285345384 0 0 5.26612944618 0 4.61538461538 3.2967032967 0 4.859375 2.12765957447 5.83886255924 0 1.51515151515 4.60431221392 2.0202020202 9.3023255814 0 0 5.88235294118 0 5.40540540541 0 
2018-1-20 0 3.30857779428 4.7619047619 9.67741935484 0 6.19705751226 0 0 0 3.77358490566 0 13.6363636364 4.7619047619 6.55180496953 0 5.33631173989 4.43425076453 0 0 0 5.47785547786 4.38596491228 0 0 7.14285714286 0 4.66321243523 0 4.42591404747 0 8.33333333333 5.71187114735 0 4.25531914894 3.91459074733 0 4.09167820335 2.17391304348 3.79674017258 0 4.4776119403 3.65026734773 3.125 4.7619047619 0 33.3333333333 14.2857142857 0 4.61538461538 0 
2018-1-21 0 3.3946975061 0 7.69230769231 0 5.73622402891 0 0 0 5.50847457627 0 12.5 2.17391304348 6.78360531751 0 5.81788215904 4.16666666667 0 5.55555555556 0 5.69316819816 6.14035087719 0 0 6.94444444444 0 8.24175824176 0 4.76505625414 0 0 5.92559479462 0 9.65517241379 4.64285714286 0 3.98230088496 2.32558139535 3.39229968783 0 1.72413793103 3.64447750093 1.17647058824 4.6511627907 0 0 4.7619047619 0 3.33333333333 0 
2018-1-22 0 4.4499185506 6.81818181818 0 0 4.82151135837 0 0 0 4.70085470085 0 4.34782608696 4.54545454545 3.94824153948 0 4.78971962617 5.37974683544 0 5.88235294118 0 5.02450980392 6.25 0 0 11.5384615385 0 1.78571428571 0 4.3537414966 0 0 5.01384344324 0 6.61764705882 3.53356890459 5.88235294118 3.68421052632 4.6511627907 4.57290767903 0 0 3.77931122612 4.81927710843 2.22222222222 0 0 5.55555555556 0 6.45161290323 0 
2018-1-23 0 4.9439683586 5.0 8.33333333333 0 5.6412729026 0 0 9.09090909091 4.91071428571 0 4.54545454545 2.38095238095 6.06608478803 0 5.83490646988 5.71428571429 0 6.25 0 5.73248407643 7.27272727273 0 0 2.66666666667 0 6.74846625767 4.16666666667 5.1724137931 0 0 6.56372650279 0 7.69230769231 7.24637681159 0 4.57912457912 2.32558139535 5.2677029361 0 8.62068965517 4.31531239883 6.32911392405 0 0 0 0 0 4.7619047619 0 
2018-1-24 0 3.52914303118 5.26315789474 0 0 1.97095435685 0 0 8.33333333333 2.65700483092 0 5.0 6.81818181818 2.24442180671 0 2.47760102395 2.72727272727 0 0 0 4.13966130044 2.85714285714 0 0 4.1095890411 0 2.04081632653 0 2.87976961843 0 0 3.07516464377 0 2.41935483871 2.32558139535 0 2.10378681627 5.0 2.76688453159 0 8.92857142857 2.31133481241 3.79746835443 2.22222222222 0 0 0 0 1.51515151515 0 
2018-1-25 0 4.12981534249 8.57142857143 7.69230769231 0 4.88958990536 0 0 0 3.43137254902 0 5.0 8.33333333333 3.39312160606 0 3.41683551299 2.70758122744 0 0 0 5.13776672882 4.71698113208 0 0 2.77777777778 14.2857142857 7.18954248366 0 5.90302178496 0 8.33333333333 4.01136736255 0 2.43902439024 3.2 0 3.56657608696 2.43902439024 3.22580645161 0 10.5263157895 3.69049206561 6.02409638554 2.22222222222 0 0 5.55555555556 0 7.35294117647 0 
2018-1-26 0 4.67484983024 6.06060606061 3.7037037037 0 5.22875816993 0 0 0 9.09090909091 0 0 2.12765957447 6.97482050094 0 5.26414916659 5.01858736059 0 0 10.0 7.0116156283 7.27272727273 7.69230769231 0 4.34782608696 0 7.5 9.52380952381 6.51872399445 0 0 5.4526292434 0 4.91803278689 2.10084033613 0 5.13814016173 2.27272727273 6.61469933185 0 3.57142857143 5.23174516558 3.79746835443 2.27272727273 0 0 0 0 4.4776119403 0 
2018-1-27 0 3.2031524326 0 0 0 4.28410372041 13.3333333333 0 0 3.06905370844 0 12.5 10.4166666667 5.13674197384 0 4.10181106216 3.65384615385 0 0 0 5.68132346539 3.7037037037 0 0 5.97014925373 0 2.64900662252 5.55555555556 5.54385964912 0 9.09090909091 4.59803188122 0 5.69105691057 3.13901345291 0 4.65875881038 0 4.47164038597 0 3.7037037037 4.07880840526 2.5641025641 0 0 0 0 0 0 0 
2018-1-28 0 2.71500569013 0 3.84615384615 0 4.10316529894 0 0 0 2.68096514745 0 6.25 0 3.31935709294 0 2.46785566155 2.31578947368 0 10.5263157895 0 4.84727755644 4.85436893204 0 0 1.66666666667 0 1.38888888889 5.0 4.19928825623 0 0 3.4632557017 0 5.6 2.43902439024 0 3.2568727018 5.0 3.75 0 1.88679245283 3.24580877287 1.3698630137 2.38095238095 0 0 0 0 0 14.2857142857 
2018-1-29 0 5.06355490727 3.33333333333 7.40740740741 0 2.6582278481 0 0 0 3.27380952381 0 6.25 10.4166666667 2.93402249924 0 2.48990578735 2.28310502283 0 4.7619047619 0 6.02877369262 2.91262135922 0 0 3.50877192982 0 2.96296296296 0 4.61653015637 0 0 2.87378894999 0 0 1.0752688172 6.66666666667 2.86516853933 5.26315789474 5.18731988473 0 7.69230769231 3.93909301556 1.42857142857 2.85714285714 0 0 0 0 3.77358490566 0 
2018-1-30 0 7.99118766273 0 7.40740740741 0 8.0971659919 0 0 0 6.72782874618 0 0 12.0 7.6699255121 0 6.42428521002 6.35696821516 0 5.0 0 9.60893854749 7.69230769231 0 0 7.40740740741 0 9.84848484848 5.55555555556 5.99700149925 0 0 6.37450199203 10.0 7.96460176991 2.8901734104 17.6470588235 6.98202459792 5.0 9.26966292135 0 7.8431372549 6.87940502443 4.41176470588 0 0 0 0 0 16.9491525424 0 
2018-1-31 0 6.11023135452 6.45161290323 7.69230769231 0 8.07937632884 6.66666666667 0 0 8.51735015773 0 20.0 12.7272727273 7.80509183633 0 6.12013600302 4.83460559796 0 0 0 8.09734513274 14.5454545455 0 0 7.8431372549 0 8.75912408759 0 6.88622754491 0 0 6.24543462381 0 5.05050505051 4.54545454545 4.7619047619 6.36604774536 0 8.45173934346 0 2.08333333333 6.3247634351 2.85714285714 5.71428571429 0 0 10.5263157895 0 4.6875 0 
2018-2-1 0 5.23011746582 6.25 14.2857142857 0 7.44985673352 6.66666666667 0 0 5.26315789474 0 14.2857142857 3.7037037037 6.01722532588 0 4.94842668756 5.09383378016 0 5.0 0 6.41221374046 6.42201834862 0 0 13.3333333333 0 5.36912751678 4.16666666667 4.99621498864 0 0 5.52110119498 0 8.41121495327 4.1958041958 0 4.55146364495 0 4.87378155461 0 8.92857142857 5.2504972938 4.41176470588 0 0 0 5.55555555556 0 3.27868852459 0 
2018-2-2 0 4.47678557304 6.45161290323 10.0 0 7.24112961622 0 0 0 5.62913907285 0 0 3.63636363636 5.52519011407 0 4.8558634201 5.50724637681 0 5.0 0 4.96453900709 9.34579439252 0 0 5.88235294118 0 2.72108843537 7.69230769231 4.03481012658 0 0 5.72472594397 0 4.08163265306 4.16666666667 0 3.30578512397 2.94117647059 3.5920293655 16.6666666667 8.92857142857 4.22821453356 1.5873015873 0 10.0 0 5.88235294118 0 3.33333333333 0 
2018-2-3 0 3.32824795247 6.89655172414 0 0 6.57627118644 6.66666666667 0 0 6.10932475884 0 7.14285714286 5.45454545455 6.94494945822 0 5.95477050716 3.83480825959 0 5.55555555556 0 5.32671986198 8.69565217391 0 0 3.84615384615 0 3.08641975309 10.0 3.37941628264 0 0 6.68769716088 0 10.3773584906 8.06451612903 0 4.81837003576 5.88235294118 4.87678339818 0 8.92857142857 5.23345051245 0 3.22580645161 0 0 0 0 5.35714285714 0 
2018-2-4 0 3.4053942763 3.57142857143 10.0 0 6.4796259185 7.14285714286 0 0 4.8231511254 0 0 3.7037037037 6.62051949832 0 5.60747663551 6.52818991098 0 0 10.0 5.72218676877 2.5641025641 8.33333333333 0 10.0 0 4.70588235294 9.67741935484 4.78764478764 0 0 6.83621091927 0 6.08695652174 4.83870967742 0 4.47539461467 0 4.05932864949 0 4.0 4.98028843755 8.92857142857 3.57142857143 0 0 0 0 1.92307692308 0 
2018-2-5 0 4.42376823853 3.7037037037 3.33333333333 0 4.16088765603 7.14285714286 0 0 3.87323943662 0 0 7.40740740741 3.49917385717 0 3.97575074017 3.64238410596 0 5.88235294118 0 4.8909451421 5.35714285714 0 0 9.375 0 3.63636363636 3.22580645161 4.6178343949 0 0 4.4241866689 0 6.03448275862 8.0 5.0 2.7498996387 0 3.77035132819 0 7.40740740741 4.27345844504 3.92156862745 0 0 0 0 0 4.08163265306 0 
2018-2-6 0 4.14708206813 7.69230769231 0 0 4.56140350877 0 0 0 3.92857142857 0 0 0 3.19476666793 0 3.49178403756 2.11267605634 0 5.88235294118 0 5.52730488614 0.925925925926 0 0 3.07692307692 0 2.42424242424 6.45161290323 3.45394736842 0 0 4.11030176899 0 1.83486238532 2.5641025641 0 2.89361702128 3.57142857143 3.07554493879 0 5.26315789474 3.78913596637 1.92307692308 0 0 0 7.14285714286 0 1.96078431373 0 
2018-2-7 0 4.25453653752 3.44827586207 0 0 4.05405405405 0 0 0 4.67625899281 0 7.14285714286 0 3.5164410058 0 3.71741706161 2.84697508897 0 0 0 4.70640968176 2.91262135922 0 0 7.24637681159 0 2.35294117647 0 2.45762711864 0 0 4.14521569324 9.09090909091 9.34579439252 1.8018018018 0 2.35085384786 3.57142857143 2.95748613678 0 6.77966101695 3.68815251929 5.45454545455 0 0 0 0 0 7.27272727273 0 
2018-2-8 0 4.4357847608 7.14285714286 6.45161290323 0 3.83810188416 0 0 0 3.4965034965 0 0 2.08333333333 3.89975318018 0 3.21585903084 3.85964912281 0 6.25 0 5.0566893424 2.08333333333 0 0 4.22535211268 0 4.37158469945 6.25 2.84237726098 0 0 4.06690140845 0 2.72727272727 4.31034482759 0 3.23813807061 3.57142857143 3.53781239857 0 5.0 3.90561432059 5.1724137931 0 0 0 0 0 5.08474576271 0 
2018-2-9 0 4.7608872174 0 6.45161290323 0 5.21428571429 14.2857142857 0 8.33333333333 6.13718411552 0 0 4.25531914894 5.91216216216 0 5.11450381679 7.27272727273 0 0 0 6.64343786295 2.1978021978 0 0 1.49253731343 0 3.91061452514 3.44827586207 4.66960352423 0 0 5.61047043749 0 9.09090909091 6.08695652174 5.0 4.45636957536 7.40740740741 5.759888966 0 3.38983050847 5.27209852575 6.45161290323 7.14285714286 0 0 0 0 0 0 
2018-2-10 0 3.18266310015 0 10.0 0 6.98847262248 0 0 0 4.88721804511 0 0 2.22222222222 6.46205490948 0 5.01474926254 7.16981132075 0 0 0 4.95265841224 9.41176470588 0 0 3.07692307692 0 1.74418604651 0 3.93772893773 0 0 5.9499346161 0 5.98290598291 3.50877192982 0 4.1769041769 3.33333333333 4.71000389257 0 12.1212121212 4.31223411113 4.83870967742 4.0 0 0 0 0 6.25 0 
2018-2-11 12.5 3.06751397582 0 6.66666666667 0 3.8317054846 7.14285714286 0 0 4.296875 0 0 2.77777777778 4.59366874407 0 4.39822165767 3.92156862745 0 0 0 5.03415127751 3.61445783133 0 0 6.25 0 3.91061452514 0 3.27408793265 0 0 5.0110184919 8.33333333333 3.77358490566 0.943396226415 0 3.84226491405 6.89655172414 4.26956885726 0 1.61290322581 4.04102146156 6.15384615385 3.84615384615 0 20.0 7.69230769231 0 4.34782608696 0 
2018-2-12 0 4.34319984523 4.7619047619 3.44827586207 0 3.66533864542 0 0 0 5.37190082645 0 0 8.57142857143 2.97176820208 0 3.26862452298 3.37552742616 0 0 0 3.8591916558 1.40845070423 0 10.0 3.33333333333 0 2.27272727273 4.34782608696 4.08745247148 0 0 4.27631578947 0 1.9801980198 1.96078431373 0 2.73295158771 0 3.71179039301 0 3.44827586207 3.75924117729 4.4776119403 4.0 0 0 7.69230769231 0 2.38095238095 0 
2018-2-13 0 4.82719493168 9.52380952381 4.0 0 3.67835757057 0 0 0 5.53191489362 0 0 8.33333333333 4.39190789785 0 4.49044027364 4.25531914894 0 0 0 6.15913296326 13.6363636364 0 0 1.66666666667 0 6.11111111111 4.7619047619 3.94990366089 0 0 4.85498108449 0 5.20833333333 3.22580645161 0 4.01200873362 0 5.12351326624 11.1111111111 5.1724137931 4.92052023121 1.40845070423 3.84615384615 0 0 13.3333333333 0 2.38095238095 0 
2018-2-14 0 4.32376176735 0 8.33333333333 0 5.33578656854 0 0 0 4.68085106383 0 6.66666666667 2.94117647059 3.62905358938 0 4.11193603655 3.73831775701 0 0 0 4.85785260834 1.69491525424 0 0 3.84615384615 0 0.621118012422 6.25 3.06748466258 0 0 4.3869644485 7.69230769231 5.68181818182 2.53164556962 0 2.85199639748 0 3.64785992218 0 1.69491525424 4.01833460657 5.97014925373 4.16666666667 0 0 0 0 6.52173913043 0 
2018-2-15 0 4.98688915375 4.54545454545 0 0 4.8417132216 0 0 0 4.68085106383 0 0 0 4.30988613387 0 4.38816934081 3.7558685446 0 0 0 5.48865863904 8.77192982456 0 0 2.32558139535 0 0.657894736842 0 3.93198724761 0 0 4.55177206393 0 2.5 1.49253731343 0 3.06711205588 3.84615384615 4.25859415085 0 3.50877192982 4.52912697173 2.85714285714 0 0 0 0 0 2.12765957447 0 
2018-2-16 0 4.41012190976 0 4.34782608696 0 4.46343779677 0 0 8.33333333333 3.04347826087 0 0 3.22580645161 3.55195681511 0 3.77136122569 2.79069767442 0 0 0 3.81812882542 5.26315789474 0 0 7.14285714286 0 3.31125827815 7.14285714286 3.88349514563 0 0 4.16323650476 0 1.26582278481 4.54545454545 0 2.84664830119 0 3.26659641728 0 0 3.84646141543 5.97014925373 4.34782608696 0 0 0 0 0 0 
2018-2-17 0 2.5600408789 0 0 0 3.49175557711 0 0 0 6.95652173913 0 0 6.45161290323 5.00374211483 0 4.68658465144 4.5045045045 0 0 0 4.36864153202 16.1290322581 0 0 7.5 0 2.08333333333 8.33333333333 3.49344978166 0 0 5.31014492754 0 1.42857142857 10.6666666667 0 3.00309597523 4.16666666667 3.93442622951 10.0 6.89655172414 3.24422742696 0 0 0 0 0 0 4.16666666667 0 
2018-2-18 0 2.3642732049 0 0 0 4.37743190661 0 0 0 2.25225225225 0 17.6470588235 6.06060606061 2.92459675169 0 3.66574694521 3.11111111111 0 0 0 3.35336918697 7.46268656716 0 0 2.77777777778 0 0.769230769231 16.6666666667 3.49492671928 0 0 4.21236872812 0 2.94117647059 5.26315789474 0 1.53494448073 0 1.60905840286 0 1.85185185185 2.88739172281 4.83870967742 0 0 0 0 0 0 0 
2018-2-19 0 4.82098345797 0 4.34782608696 0 3.17948717949 0 0 0 3.7558685446 0 0 6.06060606061 2.5925009281 0 3.84218136749 3.38164251208 0 0 0 5.10998307953 3.0303030303 0 0 5.40540540541 0 2.43902439024 7.14285714286 4.10316529894 0 0 4.34782608696 0 8.33333333333 6.84931506849 5.26315789474 2.36832803111 9.09090909091 4.54545454545 10.0 5.45454545455 4.44815123714 4.61538461538 0 0 0 0 0 2.43902439024 0 
2018-2-20 0 4.64922048998 10.5263157895 4.34782608696 0 3.55504587156 0 0 0 2.51256281407 0 0 6.25 3.62948430493 0 3.76940133038 3.78378378378 0 0 0 5.74512534819 3.44827586207 0 0 7.5 0 3.47826086957 12.5 2.43013365735 0 0 4.2748492001 0 2.17391304348 1.5873015873 0 3.05084745763 4.7619047619 3.47222222222 0 4.0 4.41359502154 4.7619047619 9.52380952381 0 0 0 0 0 0 
2018-2-21 0 7.52313059305 0 9.09090909091 0 9.97830802603 8.33333333333 0 0 0.549450549451 0 0 3.44827586207 12.3380746761 0 10.130187144 9.76744186047 0 0 0 9.50819672131 0 0 0 5.26315789474 0 9.40170940171 10.0 9.39289805269 0 0 8.31878273884 0 0 1.66666666667 5.26315789474 9.24914675768 0 0 0 6.25 9.92799661161 3.27868852459 4.16666666667 0 0 0 0 6.12244897959 0 
2018-2-22 0 6.55092263175 8.69565217391 0 0 9.86328125 8.33333333333 0 0 0.621118012422 0 0 10.0 11.4126576749 0 8.65154030622 7.62711864407 0 0 0 10.3386809269 0 10.0 0 15.5555555556 0 5.30303030303 5.0 7.53498385361 0 0 6.83018425067 0 0 0 6.66666666667 6.92588092345 6.89655172414 0 10.0 2.0 8.38245426012 6.45161290323 10.3448275862 0 0 0 0 5.1724137931 0 
2018-2-23 0 6.11739907437 0 0 0 6.80393912265 0 0 0 0 0 0 9.375 9.18499353169 0 9.23257372654 7.89473684211 0 0 0 8.95352152837 0 0 0 10.4166666667 0 7.80141843972 4.7619047619 7.164790174 0 0 7.33924854858 6.66666666667 0 1.96078431373 0 6.42099385818 6.06060606061 0 0 1.96078431373 7.84898161947 9.23076923077 3.33333333333 0 0 14.2857142857 0 3.22580645161 0 
2018-2-24 0 3.83229161914 10.3448275862 4.7619047619 0 5.59796437659 0 0 0 0 0 0 3.22580645161 9.46724581154 0 7.74363749224 7.93103448276 0 0 0 6.77040677041 0 0 0 5.76923076923 0 4.375 8.0 6.23800383877 0 0 6.10615799295 6.66666666667 0 0 0 5.07944777286 2.85714285714 0 10.0 3.7037037037 5.5690562981 5.79710144928 11.4285714286 0 0 7.14285714286 0 1.6393442623 11.1111111111 
2018-2-25 0 3.85745775165 3.44827586207 8.69565217391 0 7.01754385965 9.09090909091 0 0 0.862068965517 0 0 14.2857142857 8.99878235594 0 7.13560551124 4.54545454545 0 0 0 7.84263306763 0 0 10.0 9.83606557377 0 4.49438202247 0 5.80235720762 0 0 5.65388397247 6.66666666667 0 1.92307692308 0 5.19291434118 2.77777777778 0 0 5.55555555556 5.58673469388 6.94444444444 0 0 0 6.66666666667 0 4.83870967742 0 
2018-2-26 0 6.31398586421 0 0 0 4.93446414803 0 0 0 0 0 0 0 6.3621712695 0 5.76499724821 4.93827160494 0 0 0 7.84360189573 0 0 0 6.15384615385 0 5.10204081633 10.3448275862 4.48662640207 0 0 4.67245160675 6.66666666667 0 2.17391304348 0 5.18285842495 4.7619047619 0 0 8.77192982456 6.42417131123 4.05405405405 2.38095238095 0 0 12.5 0 4.83870967742 0 
2018-2-27 0 5.84130468873 0 4.54545454545 0 5.44776119403 0 0 7.69230769231 0 0 0 10.5263157895 6.46762714806 0 6.32063074901 5.91715976331 0 8.33333333333 10.0 6.31414547077 0 0 0 4.28571428571 0 1.96078431373 9.375 4.15973377704 0 0 5.82802253625 7.14285714286 0 0 0 4.39260193359 6.66666666667 0 0 6.89655172414 5.54588951718 5.12820512821 4.25531914894 10.0 0 0 0 6.25 0 
2018-2-28 0 5.98834700043 3.33333333333 4.34782608696 0 4.8480463097 0 0 0 0 0 0 7.89473684211 6.44808039165 0 5.98407564071 4.8433048433 0 0 0 7.04167522069 0 0 0 1.44927536232 0 2.7149321267 8.82352941176 5.20094562648 0 0 5.21120497999 7.14285714286 0 6.89655172414 0 4.71497584541 0 0 0 3.33333333333 5.47179231153 3.7037037037 3.63636363636 0 0 0 0 1.3698630137 0 
2018-3-1 0 5.54160503595 3.125 0 0 3.75782881002 0 0 0 0 0 0 7.69230769231 5.27200672511 0 5.51570034106 3.81471389646 0 0 0 6.6472303207 0 0 0 2.77777777778 0 3.04347826087 2.94117647059 4.4039483675 0 0 4.89278420694 0 0 4.0 0 4.28468985299 0 0 0 7.93650793651 4.57262119344 2.5974025974 6.15384615385 0 0 0 0 3.94736842105 0 
2018-3-2 0 4.56155594172 0 0 0 4.04585300067 0 0 0 0 0 0 2.5641025641 4.62034895343 12.5 4.31394692264 2.83505154639 0 0 10.0 5.01028229576 0 0 0 7.5 0 0.862068965517 3.0303030303 4.14814814815 0 0 4.14298657442 7.69230769231 0 0 7.69230769231 3.42198881924 2.38095238095 0 10.0 4.41176470588 4.07496483187 4.87804878049 1.51515151515 0 0 0 0 1.35135135135 0 
2018-3-3 0 3.10270043375 3.125 0 0 4.44444444444 0 0 0 0 0 0 5.0 5.98176876911 0 5.56373937677 4.50928381963 0 8.33333333333 0 3.97943640518 0 9.09090909091 0 5.81395348837 0 1.73913043478 3.0303030303 5.40540540541 0 0 4.74141497724 0 0 0 0 3.45966620306 2.43902439024 0 0 2.94117647059 3.4790407855 2.32558139535 2.89855072464 0 0 6.66666666667 0 1.42857142857 0 
2018-3-4 0 3.06302335831 6.45161290323 5.55555555556 0 4.86757337151 9.09090909091 0 8.33333333333 0 0 0 15.2173913043 5.98763697668 0 5.50039049425 6.36132315522 0 0 0 5.0 0 0 0 3.84615384615 0 2.23214285714 3.33333333333 4.65293668955 0 0 4.9026027173 0 0 0 0 3.44097406035 0 0 10.0 1.49253731343 3.58707290957 1.20481927711 5.47945205479 0 0 0 0 2.98507462687 0 
2018-3-5 0 5.41726066455 6.45161290323 0 0 5.44518027962 0 0 0 0 0 0 6.66666666667 4.56976178901 0 4.89092996556 6.64961636829 0 0 0 5.43883762026 0 9.09090909091 0 5.19480519481 0 2.85714285714 9.67741935484 5.85967617579 0 0 4.70449371891 0 0 4.0 0 3.73120811447 0 0 0 6.25 4.76730427923 2.40963855422 3.94736842105 0 0 0 0 5.97014925373 0 
2018-3-6 0 4.74156044264 0 5.26315789474 0 4.13159908187 0 0 0 0 0 0 2.43902439024 4.08962754118 0 4.64164620601 6.15384615385 0 0 0 6.01915184679 0 0 0 3.84615384615 0 2.9702970297 6.06060606061 6.40926640927 16.6666666667 0 4.21846866158 0 0 0 0 3.51858534825 3.33333333333 0 0 1.66666666667 4.5263671875 1.26582278481 0 0 0 6.66666666667 0 1.40845070423 0 
2018-3-7 0 4.56690259521 7.14285714286 0 0 4.83481063658 0 0 0 0 0 0 7.14285714286 4.19201520913 0 3.95622895623 3.88601036269 0 8.33333333333 0 4.94494494494 0 0 0 2.81690140845 0 5.61224489796 0 5.41176470588 0 0 3.98062527521 7.69230769231 0 4.7619047619 0 3.06625296587 0 0 0 4.91803278689 4.26691544731 5.26315789474 4.7619047619 0 0 0 0 6.57894736842 0 
2018-3-8 0 4.40277491586 3.7037037037 5.55555555556 0 5.00410172272 0 0 0 0 0 0 2.63157894737 4.45292620865 9.09090909091 4.15478109885 2.88713910761 0 0 0 5.65457897972 0 9.09090909091 0 5.79710144928 0 5.46448087432 0 4.41767068273 0 0 3.60587758046 0 0 0 0 2.86908607258 4.34782608696 0 0 6.89655172414 4.06450300132 0 2.29885057471 0 0 0 0 3.94736842105 0 
2018-3-9 0 4.13863190356 0 15.0 0 3.59281437126 0 0 0 0 0 0 10.8108108108 4.16240539988 0 3.87808041505 3.01369863014 0 0 0 4.71479688487 0 0 0 4.61538461538 0 3.86740331492 0 4.24489795918 0 10.0 4.4094192701 0 0 9.52380952381 0 2.52990782506 0 0 0 7.01754385965 3.53926370675 4.34782608696 2.24719101124 0 0 7.14285714286 0 3.84615384615 0 
2018-3-10 0 2.49072011878 0 4.54545454545 0 5.3839364519 0 0 0 0 0 0 5.40540540541 4.77950234048 0 4.31942407679 4.18994413408 0 8.33333333333 0 3.60340196956 0 0 0 8.45070422535 0 7.30337078652 4.0 4.44258172674 11.1111111111 0 4.87103269729 0 0 5.0 0 3.1434986732 5.26315789474 0 0 1.78571428571 3.07949790795 3.125 1.14942528736 0 0 6.66666666667 0 1.42857142857 0 
2018-3-11 0 3.24481488661 6.45161290323 4.34782608696 0 5.54561717352 9.09090909091 0 0 0 0 0 2.7027027027 6.02926068936 0 5.18598968232 5.76923076923 0 0 0 5.56705774097 0 0 0 4.4776119403 0 5.55555555556 0 6.77685950413 0 0 6.15962984384 0 0 5.55555555556 0 4.39105219553 0 0 0 3.84615384615 4.19864818421 8.69565217391 2.35294117647 0 0 13.3333333333 0 1.49253731343 0 
2018-3-12 0 5.04344468044 0 4.54545454545 0 6.36042402827 0 0 0 0 0 0 2.7027027027 5.73128161288 0 4.73495306461 3.33333333333 0 0 0 5.93457943925 0 0 0 8.62068965517 0 5.85106382979 0 5.14096185738 0 0 5.53071539658 0 0 5.88235294118 0 3.19488817891 0 0 0 8.0 4.4639739262 3.22580645161 0 10.0 0 0 0 4.22535211268 0 
2018-3-13 0 4.66460345278 3.84615384615 4.34782608696 0 4.52488687783 0 0 0 0 0 0 5.55555555556 5.23989421987 0 4.27224513848 2.66272189349 0 0 0 6.45011600928 0 0 0 9.43396226415 0 2.92397660819 8.69565217391 4.82233502538 0 0 5.049989798 0 0 5.88235294118 0 3.03891560997 0 0 0 5.88235294118 4.70526499913 3.63636363636 1.25 0 12.5 12.5 0 2.81690140845 0 
2018-3-14 0 5.02487384131 3.7037037037 8.33333333333 0 4.72972972973 0 0 0 0 0 0 6.89655172414 4.97004021998 0 4.8951048951 4.83870967742 0 8.33333333333 0 6.49717514124 0 0 0 5.45454545455 0 5.95238095238 0 5.25423728814 10.0 0 6.47712697734 0 0 6.25 7.14285714286 3.76512774541 0 0 0 5.66037735849 4.98212297052 4.91803278689 1.26582278481 0 0 0 0 7.24637681159 0 
2018-3-15 0 5.00144133756 0 4.34782608696 0 6.09037328094 0 0 0 0 0 0 3.44827586207 6.03096645301 0 5.72313712702 5.88235294118 0 15.3846153846 0 6.62029263612 0 0 0 10.7142857143 0 4.70588235294 0 4.8951048951 0 0 7.32304417243 0 0 0 0 4.18730301666 0 0 0 5.55555555556 5.52436693741 8.19672131148 2.53164556962 0 0 0 0 6.06060606061 0 
2018-3-16 0 4.60976055566 11.5384615385 0 0 5.62015503876 0 0 0 0 0 0 9.375 6.96006922982 0 5.86206896552 8.84353741497 0 0 0 6.39435934841 0 9.09090909091 0 8.92857142857 0 6.62983425414 13.0434782609 5.03089143866 18.1818181818 10.0 7.56575500367 0 0 0 7.14285714286 4.27564248351 14.2857142857 0 0 6.89655172414 6.16934024846 1.6393442623 2.53164556962 0 0 5.88235294118 0 7.93650793651 0 
2018-3-17 0 3.58838048225 3.33333333333 0 0 9.34579439252 9.09090909091 0 0 0 0 0 3.0303030303 8.8033119825 0 7.49164943534 5.33333333333 0 0 0 6.52971386647 0 0 0 8.47457627119 0 6.80628272251 12.0 5.62390158172 9.09090909091 0 9.12718204489 0 0 0 12.5 5.40358744395 4.16666666667 0 0 3.63636363636 6.31142037478 3.125 1.31578947368 10.0 0 5.88235294118 0 3.63636363636 0 
2018-3-18 0 3.48189964865 3.44827586207 0 0 9.40325497288 0 0 0 0 0 0 5.88235294118 6.84222543573 0 5.91881004029 5.0 0 0 0 5.59317782794 0 0 0 1.78571428571 0 2.59067357513 0 3.86983289358 0 0 6.90448791715 0 0 0 0 4.47074293228 0 0 0 5.35714285714 5.98717474411 1.53846153846 1.38888888889 0 0 15.0 0 2.04081632653 0 
2018-3-19 0 4.83112778985 0 0 0 7.1554770318 0 0 0 0 0 0 8.57142857143 4.35649639515 0 4.53129866085 3.64238410596 0 0 0 6.55370047346 0 0 0 1.85185185185 0 3.07692307692 0 3.91459074733 9.09090909091 0 5.12111386611 0 0 0 0 3.18401405358 11.5384615385 0 10.0 5.55555555556 6.31180564034 5.97014925373 1.35135135135 0 0 13.6363636364 0 2.22222222222 0 
2018-3-20 0 4.59129511677 0 0 0 6.39431616341 0 0 0 0 0 0 3.0303030303 3.68472906404 0 4.21019309908 3.0612244898 0 8.33333333333 0 5.86803019235 0 0 0 4.0 0 2.63157894737 5.0 4.10714285714 9.09090909091 0 5.3637660485 0 0 0 0 2.9094115054 7.40740740741 0 0 7.14285714286 5.24984948826 4.34782608696 1.35135135135 0 0 0 0 6.12244897959 0 
2018-3-21 0 4.43451611712 3.44827586207 0 0 5.83482944345 0 0 0 0 0 0 3.22580645161 3.46652222824 0 4.61613216715 2.49110320285 0 0 0 5.54323725055 0 0 0 0 0 2.20994475138 4.54545454545 4.38432835821 0 0 4.55959556679 0 0 5.55555555556 5.55555555556 2.80847145488 7.14285714286 0 0 1.85185185185 4.65413396605 0 1.42857142857 0 0 9.09090909091 0 3.92156862745 0 
2018-3-22 0 4.9929676512 6.89655172414 0 100.0 5.70902394107 0 0 0 0 0 0 0 5.06064229587 0 5.11078764354 5.03597122302 0 0 0 6.20519159456 0 0 0 8.0 0 6.11111111111 4.16666666667 5.28756957328 0 0 5.17291768144 0 0 0 10.5263157895 2.70585491019 6.89655172414 0 0 0 5.46531509526 3.125 1.35135135135 0 0 0 0 4.34782608696 0 
2018-3-23 0 4.90732701672 7.69230769231 0 0 4.10447761194 0 0 0 0 0 0 0 5.24297777012 8.33333333333 4.13715389569 4.60992907801 0 0 0 5.58197747184 0 0 0 4.08163265306 0 5.78947368421 0 4.37616387337 16.6666666667 0 4.98309995171 0 0 0 0 2.63591433278 9.67741935484 0 0 6.12244897959 4.76689043543 5.97014925373 2.7027027027 10.0 0 4.54545454545 0 4.54545454545 0 
2018-3-24 0 3.4455414139 7.14285714286 0 0 5.84532374101 0 0 0 0 0 0 3.22580645161 6.3021354688 0 5.14187176673 4.16666666667 0 14.2857142857 0 5.05102040816 0 0 0 8.33333333333 0 5.72916666667 0 4.62264150943 0 0 5.76941176471 8.33333333333 0 5.55555555556 0 4.0578358209 0 0 0 0 4.48930967459 4.6875 2.5641025641 0 0 0 0 6.66666666667 0 
2018-3-25 0 4.56734761667 12.5 6.66666666667 0 8.64864864865 10.0 0 0 0 0 0 14.7058823529 10.1513548702 0 9.76985215668 8.78378378378 0 0 0 7.84816619646 0 0 0 6.97674418605 0 11.2820512821 8.33333333333 7.32394366197 0 0 9.29478268928 0 0 0 5.55555555556 8.5003455425 8.57142857143 0 0 6.97674418605 6.88992764295 6.34920634921 1.26582278481 0 0 0 0 4.25531914894 0 
2018-3-26 0 6.3657262278 3.22580645161 0 0 4.78873239437 0 0 0 0 0 0 2.94117647059 5.19270122783 0 5.29467381027 5.81818181818 0 0 10.0 6.88396349413 0 0 0 2.63157894737 0 3.88888888889 0 5.76923076923 0 0 5.88797553049 0 0 5.88235294118 0 5.08072174739 8.82352941176 0 0 11.3636363636 6.60641134014 5.88235294118 3.65853658537 0 10.0 0 0 6.3829787234 0 
2018-3-27 9.09090909091 5.83962456642 0 0 0 7.14985308521 10.0 0 0 0 0 0 11.4285714286 5.6811862836 0 6.17792421746 4.59770114943 0 0 0 6.66666666667 0 9.09090909091 0 5.88235294118 0 7.60233918129 0 5.53359683794 0 10.0 6.03482786229 0 0 0 0 5.60794044665 5.71428571429 0 0 2.43902439024 5.46097870352 9.45945945946 6.59340659341 0 0 5.0 0 6.12244897959 0 
2018-3-28 0 4.80054633833 3.57142857143 0 0 7.66871165644 0 0 0 4.16666666667 0 0 3.125 4.174659263 0 5.71037784237 5.92885375494 0 0 0 6.25168418216 0 0 0 0 0 3.06748466258 10.5263157895 3.26864147089 0 0 5.63292454791 0 0 6.25 0 3.84207737149 2.94117647059 0 0 0 4.85555404856 2.5641025641 5.31914893617 10.0 0 0 0 11.1111111111 0 
2018-3-29 0 4.62703770789 7.40740740741 0 0 6.31578947368 25.0 0 0 0 0 0 5.88235294118 5.20940788116 0 5.91746248295 4.14937759336 0 0 0 5.27049637479 0 0 0 5.88235294118 0 6.74846625767 9.52380952381 3.76175548589 0 0 5.88604286461 0 0 0 5.55555555556 4.52809601746 5.71428571429 0 0 7.69230769231 4.87037942841 6.17283950617 3.22580645161 0 0 5.26315789474 0 5.45454545455 0 
2018-3-30 0 3.80104443113 0 8.33333333333 0 7.4658254469 0 0 0 0 0 0 9.09090909091 6.53021936268 0 6.23105422701 9.41176470588 0 0 0 5.87050359712 0 9.09090909091 0 5.71428571429 0 6.02409638554 4.16666666667 3.79746835443 0 0 6.26946232095 0 0 5.55555555556 5.55555555556 4.59548706659 2.85714285714 0 0 11.6279069767 4.52827497682 2.40963855422 4.0 0 0 5.88235294118 0 1.81818181818 0 
2018-3-31 0 3.40151277805 11.1111111111 0 0 6.2893081761 8.33333333333 0 0 0 0 0 0 7.0850399844 0 6.72616096513 10.447761194 0 0 10.0 5.56048506359 0 8.33333333333 0 2.94117647059 0 4.57142857143 4.16666666667 5.37974683544 0 0 6.47190099412 0 0 0 0 6.22270742358 0 0 0 6.81818181818 4.45519161721 3.48837209302 3.80952380952 0 0 0 0 7.27272727273 0 
2018-4-1 0 3.21719651113 3.84615384615 9.09090909091 0 5.16684607104 0 0 0 0 0 0 8.57142857143 5.82117507886 0 5.43605135901 7.27272727273 0 0 0 4.80049875312 0 8.33333333333 0 13.5135135135 0 4.09356725146 0 5.53745928339 15.3846153846 0 5.81619211673 0 0 0 5.55555555556 4.83118309086 3.22580645161 0 0 10.2040816327 4.27067669173 3.44827586207 2.7027027027 0 0 0 0 1.85185185185 0 
2018-4-2 0 3.82822572647 0 0 0 5.25187566988 0 0 0 0 0 0 2.77777777778 3.11975671141 0 4.24512153372 4.07407407407 0 0 10.0 4.81727574751 0 0 0 2.94117647059 0 2.54777070064 4.54545454545 5.06186726659 0 0 4.68313863331 0 0 0 5.26315789474 2.3768115942 0 0 0 2.08333333333 3.17437517955 3.40909090909 1.78571428571 0 0 0 0 7.01754385965 0 
2018-4-3 0 5.28902296613 0 10.0 0 4.54545454545 0 0 0 0 0 0 2.77777777778 3.36843330037 0 3.99416377895 3.16205533597 0 0 0 6.49612924941 0 8.33333333333 0 5.71428571429 0 2.08333333333 9.09090909091 5.60640732265 0 0 4.17536534447 0 0 0 0 3.08176100629 3.57142857143 0 0 6.25 6.99426359804 3.40909090909 3.84615384615 0 0 0 0 1.75438596491 0 
2018-4-4 0 5.68925728818 3.84615384615 0 0 4.00485436893 0 0 0 0 0 0 0 5.42000130132 0 4.74596297755 3.08370044053 0 0 0 7.85394419566 0 0 0 10.5263157895 0 6.01503759398 4.54545454545 4.23529411765 0 0 5.05900221989 0 0 6.66666666667 0 4.38506337787 10.3448275862 0 0 2.08333333333 6.58468345371 5.81395348837 1.9801980198 0 0 0 0 7.14285714286 0 
2018-4-5 9.09090909091 4.46814785686 0 8.33333333333 0 9.18484500574 0 0 0 0 0 0 8.10810810811 8.5014317531 0 7.42432895488 6.52173913043 0 0 0 6.76397294411 0 0 0 2.77777777778 0 10.071942446 0 6.3829787234 0 0 7.94339191965 0 0 0 0 6.70068027211 3.57142857143 0 0 2.22222222222 5.87970118496 3.65853658537 1.0752688172 0 0 0 0 1.85185185185 0 
2018-4-6 0 2.76442956644 0 0 0 8.66141732283 0 0 0 0 0 0 10.2564102564 11.1304035445 0 8.18282344268 8.4388185654 0 0 0 5.51415797317 0 0 0 5.40540540541 0 6.06060606061 0 6.65054413543 0 0 8.50617828773 0 0 7.14285714286 0 8.36424957841 7.69230769231 0 0 0 5.09232264334 5.55555555556 0 0 0 5.88235294118 0 0 0 
2018-4-7 0 2.11564747133 0 0 0 4.36320754717 0 0 0 0 0 0 2.7027027027 7.68093694923 0 5.90486604702 6.37450199203 0 0 0 4.15169660679 0 0 0 0 0 4.3795620438 0 3.6523929471 7.14285714286 0 6.5278681414 0 0 0 0 4.99162479062 4.0 0 0 0 3.11260504202 0 0 0 0 5.88235294118 0 0 0 
2018-4-8 0 1.11178085862 0 0 0 3.81303813038 0 0 0 0 0 0 2.77777777778 4.53364135143 0 3.48306052531 3.6 0 0 0 2.5552187094 0 0 0 2.77777777778 0 4.61538461538 4.7619047619 1.61507402423 7.14285714286 0 3.33707865169 0 0 0 0 2.69985974755 4.54545454545 0 0 0 1.73869490555 0 0 0 0 0 0 0 0 
2018-4-9 0 1.3266376855 4.54545454545 0 0 3.59520639148 0 0 0 0 0 0 0 3.58030830433 0 3.58154593282 1.74672489083 0 0 0 2.20729366603 0 0 0 0 0 8.8 0 2.48901903367 0 0 3.85898046689 0 0 14.2857142857 0 2.73037542662 0 0 0 2.77777777778 1.93082478145 0 0 0 0 0 0 0 0 
2018-4-10 0 1.64303586322 5.55555555556 0 0 5.90717299578 0 0 0 0 0 0 6.06060606061 4.24263193968 0 4.1867601929 5.28846153846 0 0 0 3.23607427056 0 0 0 0 0 6.08695652174 0 2.30263157895 0 0 4.99241658241 0 0 0 6.66666666667 3.0303030303 0 0 0 6.89655172414 2.18867321671 0 0 0 0 0 0 2.22222222222 0 
2018-4-11 0 1.13731705043 0 0 0 4.26470588235 0 0 0 10.0 0 0 0 2.69207501512 0 4.25134314413 1.64835164835 0 0 0 2.5685931115 0 0 0 2.94117647059 0 2.85714285714 0 2.0295202952 0 0 4.06275140788 0 0 0 6.25 2.75186567164 0 0 0 0 1.45681581686 0 0 0 0 0 0 0 0 
2018-4-12 0 2.66103484688 15.7894736842 7.69230769231 0 6.64652567976 0 0 0 10.0 0 0 3.33333333333 6.54419359599 0 5.38696777229 4.44444444444 0 0 0 5.39877300613 0 0 0 0 0 5.30973451327 0 5.09803921569 0 0 5.48540393754 0 0 7.69230769231 0 5.49146285187 0 0 0 4.16666666667 3.68061142397 1.53846153846 0 0 0 0 0 2.43902439024 0 
2018-4-13 0 2.86124902012 0 0 0 6.73813169985 0 0 0 0 0 0 6.45161290323 5.26814339843 0 4.82580037665 8.64864864865 0 0 0 4.27170868347 0 0 0 0 0 5.08474576271 0 4.04494382022 0 0 5.0557216635 0 0 0 0 4.83271375465 0 0 0 5.55555555556 3.76451272429 1.81818181818 0 0 0 0 0 0 0 
2018-4-14 0 3.01611090296 6.25 0 0 5.35168195719 0 0 0 0 0 0 7.14285714286 5.64438877017 0 4.5924501082 4.37158469945 0 0 0 4.43686006826 0 0 0 0 0 1.75438596491 0 3.35051546392 0 0 4.93947405037 0 0 7.69230769231 0 3.41415141019 0 0 0 0 3.71616455115 0 0 0 0 0 0 2.77777777778 0 
2018-4-15 0 5.7418699187 0 7.14285714286 0 6.97674418605 0 0 0 0 0 0 10.3448275862 5.41142766194 0 5.83075335397 1.79640718563 0 0 0 6.25 0 0 0 0 0 2.85714285714 0 6.11620795107 0 0 5.72106121239 0 0 0 0 4.49500554939 9.09090909091 0 0 6.66666666667 5.8174904943 0 1.25 0 0 0 0 0 0 
2018-4-16 0 13.298791019 6.25 0 0 14.7727272727 0 0 0 0 0 0 3.57142857143 17.1937221832 0 13.0757420676 13.9534883721 0 0 0 17.0755642787 0 0 0 3.125 0 11.9658119658 0 19.3939393939 0 0 11.9316493314 0 0 14.2857142857 0 14.4396551724 0 0 0 21.0526315789 15.6238291495 4.16666666667 0 0 0 7.69230769231 0 0 0 
2018-4-17 0 12.1568627451 0 11.7647058824 0 14.8095909732 8.33333333333 0 0 0 0 0 12.0 15.0127783863 0 12.2155688623 14.450867052 0 0 0 15.1761517615 0 0 0 3.22580645161 0 9.92366412214 0 15.81769437 0 0 11.5068104427 0 0 12.5 0 11.4402451481 4.54545454545 0 0 15.7894736842 13.2118055556 4.34782608696 0 0 0 0 0 6.06060606061 0 
2018-4-18 0 10.2003270646 6.66666666667 5.88235294118 0 10.9022556391 0 0 0 0 0 0 8.69565217391 12.6436031332 0 10.3263203091 10.2564102564 0 0 0 12.4897959184 0 0 0 0 0 7.58620689655 0 12.6436781609 0 0 10.8878148054 0 0 6.66666666667 5.0 11.0124333925 13.0434782609 0 0 9.09090909091 10.4147465438 2.5641025641 0 0 0 7.69230769231 0 0 0 
2018-4-19 0 8.16859380828 0 5.26315789474 0 9.11161731207 0 0 0 0 0 0 4.54545454545 10.0388143966 0 8.82238631947 8.13397129187 0 0 0 10.7892831282 0 0 0 4.0 0 6.53594771242 0 7.38396624473 0 10.0 8.84074941452 0 0 11.1111111111 0 8.70083432658 0 0 10.0 0 10.0411522634 5.88235294118 0 0 0 7.14285714286 0 0 0 
2018-4-20 0 7.95415668833 12.5 14.2857142857 0 6.34573304158 0 0 0 0 0 0 8.69565217391 8.41850457235 0 7.76838698076 8.07174887892 0 0 0 7.86290322581 0 0 0 4.7619047619 0 7.27272727273 0 7.70712909441 7.14285714286 0 7.9763339542 0 0 5.26315789474 5.0 7.2773352643 0 0 0 4.0 7.72429435484 0 0 0 0 0 0 3.7037037037 0 
2018-4-21 0 6.2380952381 5.88235294118 0 0 6.63212435233 0 0 0 0 0 0 7.40740740741 7.86154297448 0 6.51658767773 5.50847457627 0 0 0 7.45614035088 0 0 0 0 0 4.57142857143 0 5.19713261649 0 10.0 7.04936617541 0 0 0 0 6.37516688919 4.34782608696 0 0 4.0 6.2215477997 4.16666666667 0 0 0 6.66666666667 0 0 0 
2018-4-22 0 5.58189325585 5.55555555556 0 0 5.21042084168 0 0 0 0 0 0 6.89655172414 6.15521855486 0 5.94139549943 6.55737704918 0 0 0 8.30860534125 0 0 0 7.14285714286 0 5.68181818182 0 5.97539543058 0 10.0 6.76832267585 8.33333333333 0 5.55555555556 0 4.83354673496 0 0 0 0 6.06907343244 0 0 0 0 6.66666666667 0 0 0 
2018-4-23 0 6.11468695143 11.1111111111 5.26315789474 0 4.73840078973 7.69230769231 0 0 0 0 0 9.09090909091 5.49157747369 0 4.71683230794 3.71900826446 0 0 0 7.7648363838 0 15.3846153846 0 0 0 4.41988950276 0 6.05564648118 0 0 5.20623983156 0 0 0 0 4.81332921938 4.54545454545 0 0 13.7931034483 6.32482254476 5.0 0 0 0 13.3333333333 0 0 0 
2018-4-24 0 4.19204078742 5.55555555556 5.26315789474 0 6.09523809524 0 0 0 0 0 0 3.125 4.14592961251 0 4.35315757204 2.04918032787 0 0 0 5.1871657754 0 0 0 14.2857142857 0 3.76344086022 0 3.94321766562 0 0 4.96487119438 0 0 0 0 3.86590154032 0 0 0 0 4.88052872395 0 0 10.0 0 0 0 0 0 
2018-4-25 0 3.08677098151 10.5263157895 5.26315789474 0 5.9204440333 0 0 0 0 0 0 3.44827586207 2.8349255721 0 4.56868049294 1.65289256198 0 0 0 3.69198312236 0 0 0 8.33333333333 0 2.16216216216 0 2.54777070064 0 0 5.46040515654 0 0 0 0 2.22357599756 0 0 0 9.375 3.1718686664 6.25 0 0 0 6.66666666667 0 0 0 
2018-4-26 0 3.24088501091 5.88235294118 0 0 6.01719197708 0 0 0 0 9.09090909091 0 0 2.65255905512 0 4.81056437667 1.8691588785 0 0 0 4.78841870824 0 0 0 0 0 2.35294117647 0 3.43053173242 0 0 5.90656710703 0 0 5.55555555556 0 2.10454854039 0 0 0 3.0303030303 3.7028993376 0 0 0 0 0 0 0 0 
2018-4-27 0 6.82840616967 0 0 0 7.44786494538 0 0 0 0 9.09090909091 0 16.6666666667 7.9202394845 0 6.71237244898 9.17874396135 0 0 0 6.30372492837 0 0 0 8.33333333333 0 7.92682926829 0 5.91397849462 0 0 7.742820739 0 0 5.88235294118 0 6.15805679097 0 0 0 12.9032258065 6.47697077059 5.55555555556 0 0 0 0 0 4.34782608696 0 
2018-4-28 0 6.71129707113 0 5.55555555556 0 5.36277602524 0 0 0 10.0 0 0 6.89655172414 8.19070272506 0 5.11081706914 4.32432432432 0 0 0 7.27166957533 0 0 0 7.69230769231 0 4.45859872611 0 5.22388059701 7.69230769231 0 6.21975079806 0 0 0 0 4.87893024937 0 0 0 0 5.90591736294 5.55555555556 0 0 0 0 0 0 0 
2018-4-29 0 3.20933625091 10.0 0 0 5.36692223439 0 0 0 0 0 0 0 3.0612244898 0 4.44093382482 5.1724137931 0 0 0 4.6699875467 0 0 0 0 0 4.72972972973 0 3.79241516966 7.69230769231 0 5.0533652799 0 0 0 0 2.20264317181 6.25 0 0 3.33333333333 3.08502633559 0 0 0 0 0 0 0 0 
2018-4-30 0 6.30236100533 14.2857142857 6.66666666667 0 4.53514739229 7.69230769231 0 0 0 0 0 3.44827586207 5.98941295426 0 4.62843444588 4.43037974684 0 0 0 6.30914826498 0 0 0 0 0 13.0718954248 0 4.7817047817 7.69230769231 0 5.16804788214 0 0 0 0 3.94849785408 11.7647058824 0 0 3.7037037037 5.87853620555 5.88235294118 0 0 0 0 0 5.26315789474 0 
2018-5-1 0 6.97269029634 0 6.66666666667 0 3.61305361305 0 0 0 10.0 0 0 0 6.53008170339 0 4.6118808123 5.84415584416 0 0 0 7.63027295285 0 0 0 7.69230769231 0 10.4938271605 0 6.91056910569 0 0 6.25594671741 0 0 13.3333333333 0 7.4122236671 0 0 0 3.84615384615 5.85211546066 0 0 0 0 0 0 0 0 
2018-5-2 0 5.62184024267 9.52380952381 0 0 6.06767794632 0 0 0 0 0 0 12.0 5.29603122967 0 5.76699029126 4.86111111111 0 0 0 5.56274256145 0 0 0 8.33333333333 0 6.09756097561 0 3.13152400835 8.33333333333 0 6.51312530956 0 0 0 0 3.60318203088 5.88235294118 0 0 0 4.86865630587 0 0 0 0 6.25 0 0 0 
2018-5-3 0 11.196834817 4.7619047619 7.69230769231 0 5.95647193585 0 0 0 10.0 0 0 19.3548387097 8.81414347715 0 6.71599317018 7.43243243243 0 0 0 6.76841406768 0 0 0 0 0 5.625 0 9.47580645161 0 0 8.6908958308 0 0 6.66666666667 0 8.80898876404 0 0 0 7.40740740741 8.37215675528 6.66666666667 0 0 0 12.5 0 0 0 
2018-5-4 0 8.75673595073 5.26315789474 0 0 5.06478209658 0 0 0 0 0 0 3.84615384615 7.18570357411 0 5.81045505829 6.96202531646 0 0 0 5.73878627968 0 7.69230769231 0 0 0 4.24242424242 0 6.88976377953 0 0 6.98263386397 0 0 6.66666666667 0 6.22551153679 0 0 0 3.84615384615 6.72554347826 7.69230769231 0 0 0 6.66666666667 0 0 0 
2018-5-5 0 4.42783208741 0 0 0 4.46096654275 0 0 0 0 9.09090909091 0 7.40740740741 4.65748347643 0 3.66847826087 0.649350649351 0 0 0 3.69375419745 0 0 0 15.3846153846 0 3.55029585799 0 4.06976744186 0 0 4.42422731805 0 0 0 0 3.408606732 0 0 0 4.0 3.44162995595 7.69230769231 0 0 0 7.14285714286 0 6.25 0 
2018-5-6 0 5.13646702047 0 9.09090909091 0 3.95778364116 0 0 0 10.0 0 0 3.44827586207 5.97989063327 0 4.31782334385 6.6265060241 0 0 0 6.2036412677 0 0 0 0 0 7.2625698324 0 4.60652591171 0 0 5.21098118963 0 0 0 0 3.99334442596 0 0 0 0 4.08963585434 8.33333333333 0 0 0 0 0 0 0 
2018-5-7 0 7.46413338503 0 9.09090909091 0 3.77358490566 0 0 0 0 0 0 0 5.65014031805 0 4.59915611814 5.26315789474 0 0 0 6.29757785467 0 0 0 0 0 5.32544378698 0 6.04288499025 0 18.1818181818 5.6629092861 0 0 5.55555555556 0 6.2364660026 6.66666666667 0 0 4.54545454545 6.16598480421 0 0 0 0 0 0 0 0 
2018-5-8 0 7.65949195269 0 0 0 5.21609538003 0 0 0 0 0 0 6.66666666667 7.94019077082 0 6.55703141472 8.69565217391 0 0 0 6.43316654753 0 0 0 15.3846153846 0 3.06748466258 0 5.54455445545 0 0 8.05163694437 0 0 5.26315789474 9.09090909091 5.66037735849 0 0 0 9.09090909091 5.55804571941 0 0 0 0 7.69230769231 0 0 0 
2018-5-9 0 4.76280120482 0 8.33333333333 0 6.30769230769 14.2857142857 0 0 0 0 0 7.40740740741 6.39970519592 0 5.11316010059 6.83229813665 0 0 0 5.21428571429 0 0 0 12.5 0 4.34782608696 0 4.6332046332 0 0 6.79726531686 0 0 14.2857142857 0 4.19491525424 0 0 0 0 4.70191885162 0 0 0 0 0 0 0 0 
2018-5-10 0 8.04683144397 0 15.3846153846 0 9.03614457831 0 0 0 10.0 0 0 3.84615384615 9.4194450921 0 7.10639166837 8.33333333333 0 0 0 10.3734439834 0 0 0 0 0 8.78378378378 0 9.2936802974 0 0 8.47414234511 0 0 0 0 7.02594810379 6.66666666667 0 0 0 7.27380248374 8.33333333333 0 0 0 0 0 5.88235294118 0 
2018-5-11 0 6.45463049579 0 0 0 8.14814814815 8.33333333333 0 0 0 0 0 7.40740740741 7.17190811709 0 5.90368728592 10.0 0 0 0 6.24103299857 0 0 0 5.88235294118 0 6.52173913043 0 6.06060606061 0 0 7.78594978443 0 0 4.7619047619 0 5.56684274685 6.66666666667 0 0 0 7.75684427436 0 0 0 0 0 0 6.66666666667 0 
2018-5-12 0 6.66544588903 0 7.69230769231 0 6.88622754491 0 0 0 0 0 0 13.3333333333 7.71442521565 0 6.25501202887 8.24742268041 0 0 0 5.92057761733 0 0 0 5.88235294118 0 8.08823529412 0 4.83271375465 0 9.09090909091 7.79415438421 0 0 0 0 5.50601008143 7.14285714286 0 0 0 6.40486885959 0 0 0 0 0 0 6.25 0 
2018-5-13 0 6.59976842918 0 0 0 6.23052959502 8.33333333333 0 0 0 0 0 18.1818181818 6.76559494367 0 5.15549989564 8.37438423645 0 0 0 8.03183791606 0 0 0 5.88235294118 0 7.74647887324 0 5.9880239521 0 0 6.82200647249 0 0 4.16666666667 0 5.99432968813 18.75 0 0 0 7.13418336369 9.09090909091 0 0 0 0 0 0 0 
2018-5-14 0 8.70480198967 5.26315789474 14.2857142857 0 6.16113744076 0 0 0 0 0 0 7.69230769231 6.38895003302 0 6.16365568544 7.96019900498 0 0 0 6.90909090909 0 0 0 0 0 6.56934306569 0 5.87044534413 0 0 7.51399921865 0 0 8.0 0 6.54281098546 17.6470588235 0 0 4.7619047619 8.99700598802 9.09090909091 0 0 0 0 0 6.25 0 
2018-5-15 0 8.32122093023 18.1818181818 0 0 6.80061823802 0 0 0 0 0 0 0 6.79231298639 0 6.59743433109 9.09090909091 0 0 0 6.34696755994 0 7.69230769231 0 0 0 7.24637681159 0 7.89980732177 0 0 7.7705247301 0 0 4.0 0 6.54670750383 0 0 0 4.54545454545 7.35045146727 9.09090909091 0 0 0 8.33333333333 0 0 0 
2018-5-16 0 6.76532769556 4.54545454545 6.66666666667 0 7.79610194903 8.33333333333 0 0 0 0 0 7.40740740741 6.62334286457 0 5.62425209414 7.89473684211 0 0 0 5.80825752274 0 0 0 5.55555555556 0 4.61538461538 0 5.87121212121 0 0 7.73202212661 0 0 0 9.09090909091 5.87803085966 11.1111111111 0 0 4.7619047619 7.21621621622 0 0 10.0 0 0 0 0 0 
2018-5-17 0 4.80277574872 0 0 0 6.05612998523 0 0 0 10.0 0 0 7.14285714286 4.52535760728 0 5.27048528242 3.50877192982 0 0 0 5.99013389711 0 0 0 0 0 4.58015267176 0 5.66037735849 0 0 6.07317073171 0 0 0 10.0 3.69811320755 0 0 0 0 5.06710490277 9.09090909091 0 0 0 8.33333333333 0 7.69230769231 0 
2018-5-18 0 7.34724016984 0 0 0 8.97435897436 0 0 0 0 0 0 13.3333333333 6.98442174765 0 6.70780254777 9.01287553648 0 0 0 5.89887640449 0 0 0 10.5263157895 0 7.40740740741 0 7.30337078652 0 0 8.18592167866 0 0 8.69565217391 0 5.11945392491 0 0 0 4.54545454545 7.10618751689 15.3846153846 0 0 0 0 0 7.14285714286 0 
2018-5-19 0 7.18671000361 0 0 0 8.32196452933 0 0 0 0 0 0 12.1212121212 7.85262741999 0 6.54784967067 5.46218487395 0 0 0 6.43394934976 0 0 0 5.0 0 7.63888888889 0 7.18132854578 0 0 7.70701398016 0 0 4.16666666667 10.0 5.61880279104 0 0 0 9.09090909091 7.31835501248 7.69230769231 0 0 0 0 0 0 0 
2018-5-20 0 5.77176160933 0 0 0 6.10263522885 0 0 0 0 0 0 3.0303030303 5.48971320096 0 5.21101644541 1.32158590308 0 0 0 6.38143582306 0 0 0 0 0 5.59440559441 0 4.52830188679 0 0 6.14396509937 0 0 0 0 3.79647749511 6.25 0 0 0 5.47871626158 0 0 0 0 0 0 0 0 
2018-5-21 0 7.65774199588 4.7619047619 6.66666666667 0 10.0 0 0 0 0 0 0 0 6.98869998982 0 6.42998027613 7.0796460177 0 0 0 7.79127948535 0 0 0 0 0 8.10810810811 0 7.80669144981 0 0 6.72738312083 0 0 4.34782608696 0 6.32763975155 0 0.091407678245 0 14.2857142857 7.2631007331 14.2857142857 0 0 0 9.09090909091 0 0 0 
2018-5-22 0 6.5963060686 10.0 0 0 6.62983425414 0 0 0 0 0 0 6.06060606061 5.09354958393 0 4.95029417732 5.50458715596 0 0 0 6.4907275321 0 0 0 5.26315789474 0 5.47945205479 0 5.53505535055 0 0 6.45121499938 0 0 4.7619047619 0 4.78431372549 5.88235294118 0 0 4.7619047619 7.39541160594 0 0 0 0 0 0 0 0 
2018-5-23 0 3.84234501882 5.0 6.66666666667 0 4.9365303244 0 0 0 0 0 0 3.33333333333 2.88147062141 0 3.89153384392 4.4776119403 0 0 0 3.85779122542 0 0 0 0 0 5.83941605839 0 1.5625 0 9.09090909091 5.46049320584 0 0 0 10.0 2.35096557515 0 0 0 9.09090909091 3.88266968967 0 0 0 0 0 0 0 0 
2018-5-24 0 5.84401933992 0 0 0 4.43490701001 8.33333333333 0 0 0 0 0 0 3.81198894053 0 4.50716090986 4.10256410256 0 0 0 5.41795665635 0 0 0 0 0 5.79710144928 0 3.8 0 0 5.76210553213 0 0 0 0 3.26914464845 0 0 0 4.7619047619 5.42810016494 0 0 0 0 0 0 6.66666666667 0 
2018-5-25 0 4.21220400729 5.26315789474 6.66666666667 0 7.4179743224 0 0 0 0 0 0 7.40740740741 3.8961038961 0 4.79212253829 2.7027027027 0 0 0 4.70869912211 0 0 0 0 0 5.18518518519 0 5.66037735849 0 0 5.40717465305 0 0 5.55555555556 0 3.10497782159 0 0 0 5.26315789474 4.87533746228 0 0 0 0 0 0 0 0 
2018-5-26 0 4.92359932088 5.0 0 0 4.53879941435 0 0 0 0 0 0 3.84615384615 5.75885978428 0 5.72963294539 4.6511627907 0 0 0 5.55102040816 0 0 0 0 0 4.51127819549 0 5.41125541126 0 0 5.75452716298 0 0 0 10.0 4.3710021322 0 0 0 5.88235294118 5.52578700603 0 0 0 0 0 0 0 0 
2018-5-27 0 3.66069174451 5.26315789474 0 0 3.85756676558 0 0 0 0 0 0 7.40740740741 3.20798668885 0 3.86197440585 1.21951219512 0 0 0 4.3183742591 0 0 0 0 0 1.61290322581 0 4.38799076212 0 0 5.23815985887 0 0 0 0 3.36134453782 0 0 0 11.7647058824 4.28795537737 0 0 0 0 0 0 0 0 
2018-5-28 0 6.65789473684 5.0 0 0 5.9748427673 0 0 0 0 0 0 3.84615384615 4.81576326647 0 4.64728312679 6.71140939597 0 0 0 5.76419213974 0 0 0 0 0 4.91803278689 0 7.45192307692 0 0 5.63479734501 0 0 6.25 0 4.97658079625 0 0 0 5.88235294118 6.72466920428 0 0 0 0 0 0 7.14285714286 0 
2018-5-29 0 6.12984118139 0 0 0 6.15640599002 0 0 0 0 0 0 4.16666666667 4.88658973339 0 5.41760722348 4.22535211268 0 0 0 6.80212014134 0 0 0 0 0 2.75229357798 0 4.98687664042 0 0 5.93019816622 0 0 6.66666666667 0 5.79710144928 0 0 0 6.25 6.30975143403 0 0 0 0 0 0 14.2857142857 0 
2018-5-30 0 6.4525298465 5.88235294118 0 0 5.80204778157 0 0 0 10.0 0 0 12.5 6.05581007913 0 5.2752293578 6.80272108844 0 0 0 7.48663101604 0 0 0 0 0 5.66037735849 0 8.67346938776 0 0 6.40193265892 0 0 0 0 5.44871794872 6.25 0 0 0 6.50438169426 7.14285714286 0 0 0 0 0 7.69230769231 0 
2018-5-31 0 6.98584763625 6.25 0 0 9.18544194107 0 0 0 0 0 0 19.2307692308 8.02153194493 0 6.01405883884 5.92592592593 0 0 0 8.70353581142 0 0 0 5.55555555556 0 12.2448979592 0 6.1170212766 0 0 7.28385615914 0 0 0 0 8.16464237517 0 0 0 6.66666666667 8.22355289421 7.69230769231 0 0 0 0 0 0 0 
2018-6-1 0 7.84496124031 0 8.33333333333 0 7.89473684211 0 0 0 0 0 0 3.7037037037 8.76885303402 0 6.10548194336 2.45901639344 0 0 0 6.40668523677 0 0 0 0 0 5.20833333333 0 6.28415300546 0 0 7.43965780629 0 0 16.6666666667 0 7.10732054016 0 0 0 0 7.59467332501 0 0 0 0 10.0 0 0 0 
2018-6-2 0 6.60377358491 0 0 0 5.97269624573 0 0 0 0 0 0 0 8.93134133399 0 6.10687022901 11.6279069767 0 0 0 6.56474820144 0 0 0 6.25 0 7.8431372549 0 5.59796437659 0 0 6.45501053265 0 0 10.0 9.09090909091 6.65751544269 0 0 0 17.6470588235 6.71004473363 0 0 0 0 0 0 0 0 
2018-6-3 0 8.25771324864 0 0 0 6.25 0 0 0 0 0 0 7.14285714286 7.19475596272 0 5.82548969728 3.2 0 0 0 7.39436619718 0 0 0 0 0 6.06060606061 0 7.7694235589 0 0 6.23685001503 0 0 0 0 6.71591672263 0 0.111482720178 0 10.5263157895 8.15673730508 14.2857142857 0 0 0 9.09090909091 0 7.69230769231 0 
2018-6-4 0 8.445848894 0 0 0 6.50263620387 0 0 0 0 0 0 7.40740740741 7.46325780772 0 6.5348022033 6.87022900763 0 0 0 7.05782312925 0 0 0 13.3333333333 0 7.0 0 7.50605326877 0 0 6.69863629552 0 0 0 0 8.24937027708 0 0 0 4.7619047619 9.64696998301 0 0 0 0 0 0 7.14285714286 0 
2018-6-5 0 9.22868741543 0 8.33333333333 0 8.56164383562 0 0 0 10.0 0 0 7.14285714286 8.80517164512 0 6.69301061991 6.56934306569 0 0 0 8.73866446826 0 0 0 6.66666666667 0 5.0 0 6.90476190476 0 0 8.25915657376 0 0 5.55555555556 9.09090909091 9.08558030481 0 0 0 9.52380952381 8.95227843559 0 0 0 0 0 0 7.14285714286 0 
2018-6-6 0 6.76129032258 0 9.09090909091 0 9.70873786408 0 0 0 10.0 0 0 13.3333333333 7.87242912729 0 6.97674418605 4.13793103448 0 0 0 7.55905511811 0 0 0 7.14285714286 0 3.73831775701 0 5.80046403712 0 0 7.56062767475 0 0 5.55555555556 0 6.30228667038 0 0 0 7.69230769231 7.98034564554 0 0 0 0 0 0 0 0 
2018-6-7 0 7.25229826353 7.69230769231 9.09090909091 0 6.08974358974 9.09090909091 0 0 0 0 0 0 7.36601131161 0 6.2412342216 5.47945205479 0 0 0 6.65119876257 0 0 0 0 0 4.62962962963 0 5.82750582751 0 0 7.27119595733 0 0 10.5263157895 0 4.89313835771 0 0 0 4.0 6.99195171026 13.3333333333 0 0 0 9.09090909091 0 6.25 0 
2018-6-8 0 7.15894868586 0 30.7692307692 0 6.85358255452 9.09090909091 0 0 0 0 0 17.6470588235 8.4914011128 0 6.47085819183 2.83687943262 0 0 0 8.8502269289 0 0 0 15.3846153846 0 6.89655172414 0 7.48898678414 0 0 7.85978365055 0 0 0 0 6.81693238043 0 0 0 0 7.57477243173 0 0 0 0 0 0 6.66666666667 0 
2018-6-9 0 5.54301479809 7.69230769231 0 0 5.76323987539 0 0 0 0 0 0 3.22580645161 6.69250169158 0 5.75605299223 7.69230769231 0 0 0 5.65317035905 0 7.14285714286 0 0 0 8.19672131148 0 4.55580865604 0 0 6.56185919344 0 0 5.26315789474 0 6.07046070461 0 0 0 12.9032258065 6.05377555949 6.66666666667 0 0 0 0 0 6.66666666667 0 
2018-6-10 0 3.49322210636 8.33333333333 0 0 5.28052805281 0 0 0 0 0 0 7.40740740741 3.3200360314 0 4.48536355052 4.31654676259 0 0 0 4.56365092074 0 0 0 0 0 4.20168067227 0 2.68948655257 0 0 5.20336605891 0 0 0 0 3.2967032967 0 0 0 3.125 3.75673854447 6.66666666667 0 0 0 0 0 7.14285714286 0 
2018-6-11 0 4.26113083857 0 0 0 5.40540540541 0 0 0 0 0 0 3.84615384615 2.98721717137 0 3.76252137796 6.08108108108 0 0 0 3.26086956522 0 0 0 7.69230769231 0 5.21739130435 0 5.02512562814 0 0 4.75354687729 0 0 5.55555555556 0 4.00238948626 7.14285714286 0 0 3.125 4.26532033426 7.14285714286 0 0 0 0 0 7.14285714286 0 
2018-6-12 0 7.31772935163 8.33333333333 0 0 7.202680067 0 0 0 0 0 0 7.40740740741 6.08990191236 0 5.52554027505 5.75539568345 0 0 0 7.26817042607 0 0 0 7.14285714286 0 5.21739130435 0 6.29722921914 0 0 6.69024462128 0 0 5.26315789474 8.33333333333 7.09302325581 0 0 0 9.375 6.57147772235 0 0 0 0 0 0 0 0 
2018-6-13 0 7.00325732899 8.33333333333 7.14285714286 0 8.46905537459 0 0 0 0 0 0 10.3448275862 7.63898712689 0 6.73425054308 6.25 0 0 0 7.98990748528 0 0 0 13.3333333333 0 6.83760683761 0 8.88324873096 0 0 8.68558193399 0 0 9.52380952381 0 7.80182232346 0 0 0 0 7.43532636628 7.14285714286 0 0 0 0 0 0 0 
2018-6-14 0 6.89752252252 8.33333333333 7.14285714286 0 6.83624801272 0 0 0 0 0 0 6.89655172414 7.09428019185 0 6.50602409639 7.04225352113 0 0 0 6.5180102916 0 0 0 0 0 5.93220338983 0 8.52713178295 0 0 8.12401320511 0 0 5.26315789474 8.33333333333 7.24554341576 0 0 0 6.66666666667 6.22991788647 7.14285714286 0 0 0 0 0 7.14285714286 0 
2018-6-15 0 7.58702767034 0 0 0 6.97305863708 0 0 0 0 0 0 6.89655172414 8.33211625529 0 6.06134969325 8.08823529412 0 0 0 8.35509138381 0 0 0 7.14285714286 0 9.67741935484 0 9.42408376963 0 0 7.72291820192 0 0 5.88235294118 0 6.26506024096 0 0 0 6.89655172414 6.63085756622 7.14285714286 0 0 9.09090909091 9.09090909091 0 0 0 
2018-6-16 0 6.96885599753 0 0 0 7.32899022801 0 0 0 0 0 0 10.3448275862 8.54814814815 0 6.73820813576 9.85915492958 0 0 0 7.07251566697 0 7.14285714286 0 7.14285714286 0 2.43902439024 0 8.52713178295 0 0 8.31973898858 0 0 5.88235294118 0 6.15478366849 0 0 0 6.66666666667 6.74157303371 0 0 0 0 9.09090909091 0 0 0 
2018-6-17 0 7.66052129688 0 0 0 6.70926517572 0 0 0 10.0 0 0 9.67741935484 8.85890290408 0 7.03980099502 6.29370629371 0 0 0 7.64331210191 0 0 0 14.2857142857 0 4.95867768595 0 7.12468193384 0 0 8.0551846907 0 0 11.1111111111 0 8.65272938444 0 0 0 7.69230769231 7.22426115511 20.0 0 0 0 8.33333333333 0 15.3846153846 0 
2018-6-18 0 8.03396472894 0 0 0 4.56081081081 0 0 0 0 0 0 11.1111111111 7.01252512757 0 5.4498714653 2.75862068966 0 0 0 7.36137667304 0 0 0 0 0 2.63157894737 0 8.31168831169 0 0 6.45062202427 0 0 15.0 0 7.79369627507 8.33333333333 0 0 3.84615384615 8.31706364701 6.66666666667 0 0 0 0 0 0 0 
2018-6-19 0 8.05084745763 0 0 0 7.15474209651 0 0 0 0 0 0 12.9032258065 10.2405498282 0 7.31270774738 8.90410958904 0 0 0 8.29361296473 0 0 0 7.14285714286 0 8.03571428571 0 8.46153846154 0 0 8.75339571385 0 0 0 0 7.30211817168 0 0 0 7.14285714286 7.76010730025 7.14285714286 0 0 0 0 0 0 0 
2018-6-20 0 4.74333983106 0 0 0 6.71031096563 0 0 0 0 0 0 0 6.9181463199 0 6.54417316889 5.40540540541 0 0 0 6.00938967136 0 0 0 6.66666666667 0 3.57142857143 0 4.44444444444 0 0 7.18297369199 0 0 0 0 4.33134813211 0 0 0 0 5.31934819255 12.5 0 0 0 0 0 0 0 
2018-6-21 0 4.29649065267 9.09090909091 13.3333333333 0 5.86319218241 0 0 0 0 0 0 6.45161290323 4.13192920872 0 5.71357902548 4.28571428571 0 0 0 4.20954162769 0 0 0 0 0 0 0 5.59610705596 0 0 5.70425625274 0 0 0 0 3.36956521739 0 0 0 4.16666666667 4.25932906144 0 0 0 0 0 0 0 0 
2018-6-22 0 8.22976150487 0 0 0 9.23824959481 0 0 0 0 0 0 0 8.44026233248 0 7.47225647349 4.8275862069 0 0 0 9.90825688073 0 0 0 0 0 8.65384615385 0 7.76470588235 9.09090909091 0 7.13344074996 0 0 4.7619047619 0 7.58807588076 0 0 0 11.5384615385 8.25125441368 0 0 0 0 8.33333333333 0 9.09090909091 0 
2018-6-23 0 5.74264445232 0 0 0 3.47826086957 0 0 0 0 0 0 4.0 5.04387582037 0 5.3493729204 1.49253731343 0 0 0 5.42635658915 0 0 0 6.66666666667 0 5.15463917526 0 6.1757719715 0 0 4.88408037094 0 0 4.54545454545 0 4.89977728285 0 0.17094017094 0 0 5.44362650136 0 0 0 0 0 0 9.09090909091 0 
2018-6-24 0 7.14285714286 9.09090909091 0 0 6.44007155635 0 0 0 0 0 0 17.8571428571 7.59714743123 0 6.31551362683 7.57575757576 0 0 0 8.48601735776 0 0 0 6.66666666667 0 6.25 0 7.58293838863 0 0 6.47652064292 0 0 0 0 6.69618151633 9.09090909091 0 0 0 6.20851229988 7.14285714286 0 0 0 0 0 14.2857142857 0 
2018-6-25 0 8.25488776249 0 12.5 0 9.10714285714 0 0 0 0 0 0 3.7037037037 8.40287352152 0 7.59758973015 9.09090909091 0 0 0 8.62403100775 0 0 0 6.25 0 6.97674418605 0 8.62470862471 0 0 7.28821580691 0 0 4.7619047619 0 7.76231263383 0 0 0 11.1111111111 8.6101565483 7.14285714286 0 0 0 0 0 6.66666666667 0 
2018-6-26 0 7.96812749004 9.09090909091 0 0 8.40787119857 0 0 0 0 0 0 4.16666666667 7.53720947284 0 8.53437094682 11.8518518519 0 0 0 7.62548262548 0 0 0 6.66666666667 0 9.41176470588 0 7.56880733945 0 0 7.99054373522 0 0 0 0 5.83864118896 0 0 0 0 7.11703139867 18.75 0 0 0 0 0 6.66666666667 0 
2018-6-27 0 6.53643876784 9.09090909091 5.55555555556 0 9.89399293286 0 0 0 0 0 0 4.34782608696 5.48359574963 0 6.7886502254 9.48905109489 0 0 0 5.11022044088 0 0 0 7.14285714286 0 10.3448275862 0 4.97630331754 0 0 6.57596371882 0 0 0 0 3.58769931663 0 0 0 8.0 5.27657905061 0 0 0 0 0 0 0 0 
2018-6-28 0 5.4 9.09090909091 5.26315789474 0 7.17948717949 9.09090909091 0 0 0 0 0 0 3.10154252248 0 7.22733245729 5.83941605839 0 0 0 5.74112734864 0 0 0 0 0 4.59770114943 0 3.76884422111 0 0 7.65289785463 0 0 0 0 2.07026348808 0 0 0 0 4.73015211502 6.25 0 0 0 0 0 0 0 
2018-6-29 0 6.65536244171 0 0 0 8.56164383562 0 0 0 0 0 0 4.7619047619 4.66213151927 0 8.36200052924 3.14960629921 0 0 0 5.2573932092 0 0 0 0 0 14.7727272727 0 5.20833333333 0 0 7.52582390556 0 0 10.5263157895 0 2.9106029106 0 0 0 11.1111111111 6.19215513442 5.88235294118 0 0 0 0 0 12.5 0 
2018-6-30 0 7.50105351875 9.09090909091 0 0 7.20411663808 0 0 0 0 0 0 5.55555555556 8.59785960457 0 7.58928571429 6.87022900763 0 0 0 7.5138121547 0 0 0 0 0 10.8695652174 5.0 8.02005012531 0 0 7.40311361378 0 0 5.26315789474 0 6.45833333333 9.09090909091 0 0 17.2413793103 8.27900912647 5.88235294118 0 0 9.09090909091 0 0 6.25 0 
2018-7-1 0 7.5010360547 16.6666666667 10.0 0 5.47008547009 0 0 0 0 0 0 5.88235294118 6.81596884129 0 5.55992656701 2.30769230769 0 0 0 7.41935483871 0 0 0 0 0 5.10204081633 0 7.26817042607 0 0 6.41552886988 0 0 10.0 0 6.14449696151 9.09090909091 0 0 3.44827586207 8.04718769749 0 0 0 0 8.33333333333 0 11.7647058824 0 
2018-7-2 0 9.44584382872 16.6666666667 0 0 6.99300699301 0 0 0 9.09090909091 0 0 11.7647058824 8.48043676069 0 6.48345784418 6.2015503876 0 0 0 9.17225950783 0 0 0 0 0 7.29166666667 0 7.79220779221 0 0 6.83590509374 0 0 0 7.14285714286 6.63871418588 16.6666666667 0 0 3.44827586207 9.46061643836 6.66666666667 0 0 0 0 0 6.25 0 
2018-7-3 0 7.32722731057 0 0 0 6.6889632107 0 0 0 0 0 0 0 8.81680731364 0 6.68589407446 6.52173913043 0 0 0 6.76117775354 0 0 0 0 0 2.10526315789 0 4.77453580902 0 0 6.77993527508 0 0 0 0 6.00706713781 7.69230769231 0 0 7.40740740741 7.77824620573 0 0 0 0 8.33333333333 0 0 0 
2018-7-4 0 6.33561643836 0 0 0 7.60330578512 0 0 0 0 0 0 0 6.64758563383 0 6.24836601307 6.47482014388 0 0 0 5.38990825688 0 7.14285714286 0 0 0 1.12359550562 0 4.48179271709 0 0 6.38228590036 0 0 0 0 5.11278195489 0 0 0 0 6.91126279863 0 0 0 0 0 0 0 0 
2018-7-5 0 11.2903225806 8.33333333333 9.52380952381 0 7.7834179357 0 0 0 16.6666666667 0 0 5.55555555556 9.69258249506 0 7.90842872008 3.00751879699 0 0 0 9.64705882353 0 0 0 0 0 15.306122449 0 11.5384615385 0 0 7.40196078431 0 0 17.6470588235 0 10.5900151286 0 0 0 7.40740740741 11.5997450605 6.66666666667 0 0 0 8.33333333333 0 6.25 0 
2018-7-6 0 9.57627118644 0 5.26315789474 0 6.60869565217 0 0 0 0 0 0 15.0 9.01242766341 0 7.20720720721 3.1746031746 0 0 0 10.9684947491 0 0 0 7.69230769231 0 9.61538461538 0 7.00280112045 0 0 7.98284677552 0 0 5.88235294118 0 8.93262679788 7.69230769231 0 0 4.16666666667 8.90308839191 0 0 0 0 0 0 0 0 
2018-7-7 0 5.94315245478 8.33333333333 10.5263157895 0 4.33962264151 0 0 0 8.33333333333 0 0 11.7647058824 5.35662299854 0 3.92048591938 4.16666666667 0 0 0 5.66706021251 0 0 0 0 0 5.15463917526 0 3.72492836676 0 0 4.23859169373 0 0 0 0 4.08472012103 7.14285714286 0 10.0 0 4.6943231441 6.66666666667 0 0 0 0 0 6.25 0 
2018-7-8 0 6.45983850404 0 0 0 5.34653465347 0 0 0 8.33333333333 0 0 5.88235294118 8.07814629714 0 5.98146588037 6.66666666667 0 0 0 6.44028103044 0 0 0 0 0 7.76699029126 0 5.41310541311 0 0 6.16678346181 0 0 0 0 5.63176895307 0 0 0 4.7619047619 6.97773972603 7.14285714286 0 0 0 0 0 0 0 
2018-7-9 0 7.16680637049 8.33333333333 0 0 7.59753593429 0 0 0 0 0 0 11.1111111111 6.8559374176 0 6.17248341506 4.8 0 0 0 6.88863375431 0 7.14285714286 0 15.3846153846 0 3.26086956522 0 6.1797752809 0 0 6.84662138005 0 0 0 0 6.28887353144 0 0 0 0 7.16701902748 0 0 0 9.09090909091 0 0 0 0 
2018-7-10 0 9.34579439252 0 0 0 8.24524312896 9.09090909091 0 0 0 0 0 11.1111111111 9.7407630695 0 8.38858460651 15.1079136691 0 0 0 9.8083427283 0 0 0 13.3333333333 0 8.98876404494 0 7.26744186047 0 0 8.58765081618 0 0 5.88235294118 7.69230769231 7.29096989967 0 0 0 0 9.41225685003 0 1.5873015873 0 0 0 0 0 0 
2018-7-11 0 7.96139927624 7.69230769231 0 0 8.18965517241 0 0 0 0 0 0 15.0 8.97661553935 0 7.24720710398 7.89473684211 0 0 0 10.7874865156 0 0 0 7.14285714286 0 9.78260869565 5.55555555556 8.74635568513 0 0 7.70184135977 0 0 11.1111111111 7.69230769231 9.4498381877 0 0 0 15.7894736842 9.18283120099 0 0 0 0 0 0 0 0 
2018-7-12 0 0.937081659973 0 0 0 1.67865707434 0 0 0 0 0 0 0 1.23297754877 0 2.12634822804 4.1095890411 0 0 0 1.5494636472 0 0 0 0 0 1.19047619048 0 1.62337662338 0 0 2.21754922577 0 0 0 0 0.498930862438 0 0 0 0 1.39652014652 0 0 0 0 0 0 0 0 
2018-7-13 0 0.0993048659384 7.69230769231 0 0 1.35501355014 0 0 0 0 0 0 0 0 0 0.82219938335 6.16438356164 0 0 0 0 0 0 0 0 0 1.25 0 0.711743772242 0 0 0.97623089983 0 0 0 0 0 0 0 0 0 0.712105798576 0 0 0 0 0 0 0 0 
2018-7-14 0 0.0549752611325 0 0 0 1.25786163522 0 0 0 0 0 0 0 0.0464846019756 0 0.502318392581 4.96453900709 0 0 0 0 0 0 0 0 0 0 0 0 0 0 0.783847980998 0 0 0 0 0 0 0 0 0 0.591882750846 0 0 0 0 0 0 0 0 
2018-7-15 0 0.0674763832659 0 0 0 0.375939849624 0 0 0 0 0 0 0 0.0138217000691 0 0.547695116385 5.51724137931 0 0 0 0 0 0 0 0 0 0 6.66666666667 0 0 9.09090909091 0.907341215287 0 0 0 0 0 0 0 0 0 1.46857923497 0 0 0 0 0 0 0 0 
2018-7-16 0 0 0 0 0 0.448430493274 0 0 0 0 0 0 0 0.0168236877524 0 0.548245614035 2.89855072464 0 0 0 0.215982721382 0 0 0 0 0 2.04081632653 0 0.497512437811 0 0 0.698835274542 0 0 0 0 0 0 0 0 0 1.22900450635 0 0 0 0 0 0 0 0 
2018-7-17 0 0.09765625 0 0 0 1.0152284264 0 0 0 0 0 0 0 0.0191791331032 0 0.307503075031 3.73134328358 0 0 0 0 0 0 0 0 0 0 0 1.22699386503 0 0 0.522778192681 0 0 0 0 0 0 0 0 0 0.913242009132 0 0 0 0 0 0 0 0 
2018-7-18 0 0 0 0 0 0.609756097561 0 0 0 8.33333333333 0 0 0 0 0 0.304414003044 6.61764705882 0 0 0 0.246913580247 0 0 0 0 0 0 0 1.38888888889 0 9.09090909091 0.542986425339 0 0 0 0 0 0 0 0 0 2.01634877384 0 0 0 0 0 0 0 0 
2018-7-19 0 0.240096038415 0 0 0 0.826446280992 0 0 0 0 0 0 0 0.0247402276101 0 0.597609561753 7.85714285714 0 0 0 0 0 0 0 0 0 0 0 0 0 0 1.10144927536 0 0 0 0 0 0 0 0 0 1.79310344828 0 0 0 0 0 0 0 0 
2018-7-20 0 0.164473684211 0 0 0 2.5641025641 0 0 0 0 0 0 0 0 0 1.17252931323 5.69105691057 0 0 0 0.302114803625 0 0 0 0 0 3.125 0 0 0 0 0.652376514445 0 0 0 0 0 0 0 0 0 2.7807486631 0 0 0 0 0 0 0 0 
2018-7-21 0 0.324675324675 7.69230769231 0 0 0 0 0 0 0 0 0 0 0 0 1.56862745098 4.5045045045 0 0 0 0 0 0 0 0 0 0 0 0 0 0 3.11284046693 0 0 0 0 0 0 0 0 0 5.90909090909 0 0 0 0 0 0 0 0 
2018-7-22 0 0 0 0 0 0 0 0 0 0 0 0 0 0 0 3.0487804878 9.09090909091 0 0 0 1.18577075099 0 0 0 0 0 3.44827586207 7.69230769231 0 0 0 3.32409972299 0 0 0 0 0 0 0 0 0 12.5290023202 0 0 0 0 0 0 0 0 
2018-7-23 0 4.54545454545 0 0 0 2.85714285714 10.0 0 0 0 0 0 0 0.0665557404326 0 2.29007633588 8.87096774194 0 0 0 0 0 0 0 0 0 0 0 0 0 0 2.67558528428 0 0 0 0 0 0 0 0 0 9.89010989011 0 0 0 0 0 0 0 0 
2018-7-24 0 0 0 0 0 10.3448275862 0 0 0 0 0 0 0 0 0 6.89655172414 14.3835616438 0 0 0 0.662251655629 0 0 0 0 0 0 8.33333333333 0 0 0 4.26356589147 0 0 0 0 0.0789889415482 0 0 0 0 11.7416829746 0 0 0 0 0 0 0 0 
2018-7-25 0 0 0 0 0 4.34782608696 0 0 0 8.33333333333 0 0 0 0 0 4.9504950495 7.74193548387 0 0 0 0 0 0 0 0 0 0 9.09090909091 1.14942528736 0 8.33333333333 2.89855072464 0 0 0 0 0 0 0 0 0 10.5263157895 0 0 0 0 0 0 0 0 
2018-7-26 0 5.55555555556 0 0 0 4.7619047619 0 0 0 0 0 0 0 0 0 2.29885057471 7.8313253012 0 0 0 6.25 0 0 0 0 0 0 10.0 0 0 0 5.23560209424 0 0 0 0 0 0 0 0 0 9.07473309609 0 0 0 0 0 0 0 0 
2018-7-27 0 5.88235294118 0 0 0 0 0 0 0 0 0 0 5.26315789474 0 0 4.93827160494 6.1797752809 0 0 0 11.7647058824 0 0 0 0 0 0 0 1.85185185185 0 0 6.14525139665 0 0 0 0 0 0 0 0 0 6.90235690236 0 0 0 0 0 0 0 0 
2018-7-28 0 7.14285714286 0 0 0 0 0 0 0 0 0 0 0 0.0648088139987 0 3.84615384615 3.91061452514 0 0 0 0 0 0 0 0 0 0 0 5.0 0 0 5.91715976331 0 0 0 0 0 0 0 0 0 6.22895622896 0 0 0 0 0 0 0 0 
2018-7-29 0 14.2857142857 0 0 0 0 0 0 0 8.33333333333 0 0 0 0.518134715026 0 5.26315789474 6.1797752809 0 0 0 6.25 0 0 0 0 0 0 0 0 0 0 4.57516339869 0 0 0 0 0 0 0 0 0 4.98338870432 0 0 0 0 0 0 0 0 
2018-7-30 0 0 0 0 0 0 0 0 0 0 0 0 0 0 0 0 0 0 0 0 0 0 0 0 0 0 0 0 0 0 0 0 0 0 0 0 0 0 0 0 0 0 0 0 0 0 0 0 0 0 
2018-7-31 0 0 0 0 0 0 0 0 0 0 0 0 0 0 0 0 0 0 0 0 0 0 0 0 0 0 0 0 0 0 0 0 0 0 0 0 0 0 0 0 0 0 0 0 0 0 0 0 0 0 
