Browser 2_Crosswalk 3_Chrome 4_SeaMonkey 5_Maxthon 6_AppEngine-Google 7_Firefox_Mobile 8_Other 9_Apple_Mail 10_QQ_Browser 11_Android 12_QQ_Browser_Mobile 13_BlackBerry_WebKit 14_Mobile_Safari_UI/WKWebView 15_Mobile_Safari 16_Mail.ru_Chromium_Browser 17_Samsung_Internet 18_Chrome_Mobile_WebView 19_Electron 20_Facebook 21_Sogou_Explorer 22_Safari 23_IE_Mobile 24_Pale_Moon 25_Netscape 26_Chrome_Mobile_iOS 27_Konqueror 28_Amazon_Silk 29_UC_Browser 30_Opera 31_HeadlessChrome 32_Thunderbird 33_Chrome_Mobile 34_Dragon 35_Edge_Mobile 36_Opera_Mobile 37_Puffin 38_Edge 39_Iron 40_IE 41_MobileIron 42_Vivaldi 43_Firefox 44_Yandex_Browser 45_Coc_Coc 46_Seznam_prohle 47_Opera_Neon 48_Firefox_iOS 49_ThunderBrowse 50_Chromium 51_QupZilla 
2017-11-21 0 2.60869565217 0 0 0 0 0 0 0 0 0 0 0 4.54545454545 0 0 0 0 0 0 33.3333333333 0 0 0 0 0 0 0 0 0 0 3.84615384615 0 0 0 0 0 0 0 0 0 9.09090909091 0 0 0 0 0 0 0 0 
2017-11-22 0 12.1912350598 0 15.3846153846 0 1.91082802548 0 0 0 0 0 50.0 16.6666666667 6.31170662906 0 4.80863591757 1.96078431373 0 20.0 0 31.2684365782 0 0 0 33.3333333333 0 0 50.0 7.38636363636 0 0 7.77777777778 0 7.69230769231 5.26315789474 0 2.24403927069 0 2.85285285285 0 16.6666666667 7.34463276836 0 16.6666666667 0 0 0 0 22.2222222222 0 
2017-11-23 0 9.26630434783 0 0 0 4.77815699659 0 0 0 2.5641025641 0 0 7.14285714286 6.63430420712 0 6.40841702535 8.51063829787 0 0 25.0 16.1698956781 0 0 0 25.0 0 11.6279069767 0 6.02409638554 0 0 7.62155059133 0 14.2857142857 7.5 0 3.52480417755 0 2.64072272411 0 6.25 5.52380952381 5.88235294118 0 0 0 0 0 9.09090909091 0 
2017-11-24 0 5.84379615953 17.6470588235 8.0 0 8.28157349896 25.0 0 0 6.06060606061 0 16.6666666667 5.26315789474 7.89400018662 0 6.82205798749 6.08108108108 0 14.2857142857 0 12.6582278481 8.69565217391 0 0 7.14285714286 0 5.6338028169 0 8.02469135802 0 0 7.78909526663 0 9.25925925926 8.47457627119 0 3.26797385621 0 3.24786324786 0 13.6363636364 5.28908999497 10.0 0 0 0 0 0 3.0303030303 0 
2017-11-25 0 2.73464131505 4.7619047619 6.66666666667 0 5.07246376812 0 0 0 4.41988950276 0 0 3.84615384615 5.17193566278 0 4.03346921262 5.29100529101 0 14.8148148148 0 8.40058694057 5.88235294118 0 0 0 0 4.16666666667 33.3333333333 3.67892976589 0 0 5.26236429433 0 4.22535211268 5.88235294118 0 2.06677265501 0 2.13371266003 0 6.25 3.30387707985 5.12820512821 3.84615384615 0 0 0 0 7.5 0 
2017-11-26 0 2.60110119613 4.54545454545 5.71428571429 0 5.65031982942 14.2857142857 0 0 4.14937759336 0 0 6.66666666667 5.41588099728 0 4.89769614951 6.27177700348 0 3.44827586207 0 7.837995338 8.51063829787 0 0 4.54545454545 0 0.819672131148 0 3.63391655451 0 0 6.05614670591 0 3.40909090909 5.21739130435 0 1.74216027875 0 1.74160861305 0 0 3.34672021419 4.25531914894 0 100.0 0 0 0 0 0 
2017-11-27 0 5.06790744467 8.69565217391 6.45161290323 0 5.03144654088 0 0 0 4.04858299595 0 7.69230769231 0 5.06073894854 0 4.5191555903 4.6511627907 0 0 0 8.42728297632 3.84615384615 0 0 18.1818181818 0 1.69491525424 10.0 4.59317585302 0 0 5.70537107199 0 4.34782608696 4.09836065574 0 2.94885177453 6.25 2.57016248154 50.0 0 4.59036514268 4.25531914894 0 0 0 0 0 2.04081632653 0 
2017-11-28 0 6.64566929134 4.7619047619 3.125 0 5.26315789474 0 0 33.3333333333 6.74157303371 0 14.2857142857 0 5.73741281882 0 6.39022125948 6.3122923588 0 0 0 8.81458966565 10.5263157895 0 0 16.0 0 1.8691588785 11.1111111111 6.24187256177 0 0 6.75511332228 0 3.79746835443 3.44827586207 0 4.2091152815 0 4.44509861643 0 13.5135135135 5.41300097752 1.85185185185 0 0 0 0 0 6.52173913043 0 
2017-11-29 0 9.46643717728 7.14285714286 7.14285714286 0 7.24324324324 0 0 0 5.71428571429 0 0 12.5 5.99410983427 0 6.06060606061 6.07142857143 0 0 0 10.0262314194 3.33333333333 0 25.0 10.3448275862 0 3.48837209302 0 8.75331564987 0 0 7.14025057779 0 10.1449275362 6.19469026549 0 7.00824499411 11.7647058824 8.60669048392 0 8.57142857143 8.19798420749 14.5454545455 12.8205128205 33.3333333333 0 0 0 13.3333333333 0 
2017-11-30 0 7.15011050714 0 8.57142857143 0 7.48603351955 0 0 0 7.6 0 8.33333333333 8.69565217391 7.06623134328 0 7.39226707546 4.91803278689 0 0 0 9.69101123596 8.47457627119 0 0 6.45161290323 0 8.0 0 6.04534005038 0 0 7.57376657508 0 8.0 6.03448275862 0 6.47163120567 10.5263157895 6.57610373572 0 12.5 6.47062472858 5.0 0 0 0 16.6666666667 0 10.4166666667 0 
2017-12-1 0 6.32736484541 10.5263157895 16.6666666667 0 9.78627671541 25.0 0 0 7.91666666667 0 9.09090909091 13.0434782609 7.9940784604 0 8.48292854629 7.63636363636 0 0 0 9.48177676538 7.14285714286 0 0 6.25 0 16.6666666667 0 5.91787439614 0 0 8.40503803467 0 7.22891566265 7.54716981132 0 6.59492273731 0 5.89531680441 0 8.69565217391 7.11199135758 8.33333333333 9.67741935484 20.0 0 0 0 7.14285714286 0 
2017-12-2 0 3.60532517995 5.55555555556 3.125 0 6.55209452202 14.2857142857 0 0 6.52173913043 0 10.0 15.0 6.88105336456 0 6.52866242038 6.15384615385 0 0 0 6.77328316087 8.77192982456 0 0 3.44827586207 0 5.79710144928 0 4.20918367347 0 0 7.40139790315 0 11.2359550562 1.92307692308 0 4.20990216425 7.14285714286 3.57029008607 0 2.04081632653 4.66432474629 5.08474576271 0 20.0 0 20.0 0 2.04081632653 0 
2017-12-3 0 4.56145193568 5.55555555556 8.82352941176 0 8.57418111753 25.0 25.0 0 10.1851851852 0 0 7.40740740741 10.1292847824 0 8.33896016205 8.99653979239 0 0 0 10.4085603113 14.2857142857 0 0 4.54545454545 0 5.12820512821 12.5 6.17760617761 0 0 9.61966062025 0 9.09090909091 9.52380952381 0 5.28846153846 5.88235294118 5.09666080844 0 7.54716981132 6.25903060554 3.84615384615 3.0303030303 20.0 0 0 0 6.52173913043 0 
2017-12-4 0 7.49137172633 5.55555555556 7.31707317073 0 7.34513274336 0 0 0 8.11965811966 0 22.2222222222 10.7142857143 6.1122187411 0 6.32572777341 6.2893081761 0 0 0 9.4460454691 8.82352941176 0 0 20.0 0 5.06329113924 18.1818181818 6.57568238213 0 0 6.96902654867 0 6.60377358491 6.47482014388 0 5.71918787532 4.54545454545 7.03631647211 0 5.35714285714 7.13390170512 11.1111111111 3.44827586207 20.0 0 20.0 0 8.51063829787 0 
2017-12-5 0 8.54778223199 12.5 5.55555555556 0 9.53920776071 12.5 0 0 12.7413127413 0 11.1111111111 11.1111111111 9.69670616371 0 9.09090909091 7.18562874251 50.0 11.1111111111 0 12.6097867001 11.25 0 0 4.16666666667 0 8.23529411765 16.6666666667 7.29166666667 0 0 10.2805695142 0 12.2641509434 9.15492957746 0 7.35490772934 4.34782608696 7.81387181738 0 16.0714285714 8.27590234786 2.27272727273 3.22580645161 0 0 0 0 8.16326530612 0 
2017-12-6 0 6.81409102597 0 3.22580645161 0 10.534591195 22.2222222222 0 0 8.88888888889 0 27.2727272727 7.40740740741 8.57945035365 0 7.86786786787 8.47953216374 0 0 0 10.8403623868 3.7037037037 12.5 0 4.0 0 10.1265822785 0 6.71217292378 0 0 9.14432989691 0 9.90099009901 5.55555555556 0 5.53709856035 0 5.57501459428 0 9.61538461538 6.71361502347 6.66666666667 3.22580645161 20.0 0 0 0 6.52173913043 0 
2017-12-7 0 4.73395190305 5.88235294118 3.22580645161 0 6.484375 14.2857142857 0 0 5.26315789474 0 0 12.9032258065 5.64384792497 0 6.70001515841 6.79886685552 0 0 0 7.19649561952 9.19540229885 12.5 0 0 0 5.12820512821 0 3.74707259953 0 0 7.42353551063 0 14.2857142857 2.87769784173 0 3.57446808511 3.57142857143 2.87604256543 0 4.0 4.76526650194 4.87804878049 3.7037037037 0 0 0 0 2.04081632653 0 
2017-12-8 0 6.07989331394 15.0 3.7037037037 0 9.06274206042 14.2857142857 0 0 8.36120401338 0 15.3846153846 10.7142857143 9.23856698537 0 8.90957446809 7.77777777778 0 0 0 10.2457708267 2.40963855422 0 0 4.0 0 5.26315789474 7.14285714286 6.45879732739 0 16.6666666667 10.1387188902 25.0 14.6788990826 5.38461538462 11.1111111111 6.05306799337 3.7037037037 5.35810446957 0 7.69230769231 6.78956324447 7.14285714286 4.0 0 0 14.2857142857 0 5.76923076923 0 
2017-12-9 0 4.45713535513 0 3.84615384615 0 9.47446336047 0 0 0 8.38709677419 0 13.3333333333 0 9.71850583324 0 8.74028856826 9.74358974359 0 0 16.6666666667 9.31307793923 8.04597701149 0 0 10.0 0 8.33333333333 17.6470588235 5.48847420417 0 16.6666666667 9.91641337386 0 8.40336134454 10.1449275362 0 6.33981403212 0 4.36072382082 0 10.1694915254 5.89910496338 2.17391304348 0 0 0 0 0 2.38095238095 0 
2017-12-10 0 4.85216072782 11.5384615385 8.69565217391 0 7.48148148148 28.5714285714 0 0 6.25 0 13.3333333333 15.3846153846 7.82910189017 0 7.16790573713 7.89473684211 0 12.5 0 8.58400586941 4.87804878049 0 0 5.26315789474 0 7.31707317073 15.7894736842 5.67928730512 0 0 8.48676639816 33.3333333333 6.83760683761 7.53424657534 14.2857142857 5.07471980075 0 5.15970515971 0 5.88235294118 5.65176022835 2.22222222222 11.7647058824 0 0 0 0 5.55555555556 0 
2017-12-11 0 9.20672542775 0 0 0 9.79827089337 0 0 0 9.52380952381 0 6.25 12.9032258065 8.08182993312 0 7.50659081449 7.73333333333 0 0 0 13.6281912981 4.70588235294 20.0 0 11.7647058824 0 3.7037037037 9.52380952381 6.16216216216 0 0 8.98411803402 16.6666666667 3.44827586207 10.625 14.2857142857 6.86245130357 9.67741935484 8.34132310642 0 10.0 8.49153257398 4.25531914894 6.66666666667 0 0 0 0 9.52380952381 0 
2017-12-12 0 6.12608598797 0 4.54545454545 0 5.18358531317 0 0 0 4.8951048951 0 0 3.44827586207 5.09685703121 0 5.02925606018 5.98958333333 0 0 0 8.35125448029 2.81690140845 20.0 0 5.55555555556 0 2.46913580247 8.33333333333 3.31905781585 0 0 6.49422632794 0 3.7037037037 5.81395348837 20.0 3.51728320194 3.22580645161 3.92156862745 0 4.16666666667 4.56216476828 3.92156862745 0 0 0 0 0 8.33333333333 0 
2017-12-13 0 7.82745215311 4.7619047619 5.0 0 7.65230312036 16.6666666667 0 0 8.21428571429 0 7.69230769231 7.40740740741 6.11016998656 0 6.4781416823 5.52486187845 0 0 0 10.5034407823 1.5625 0 0 10.5263157895 0 1.3698630137 13.0434782609 3.92376681614 0 0 7.38690589807 0 2.10526315789 8.88888888889 0 4.8930654569 3.44827586207 4.57346740188 0 6.66666666667 5.66913332497 5.26315789474 5.0 0 0 12.5 0 2.22222222222 0 
2017-12-14 0 5.09024699177 0 0 0 5.09554140127 0 0 0 4.04858299595 0 9.09090909091 0 4.13916391639 0 4.67684313089 5.9748427673 0 0 0 5.58252427184 3.77358490566 0 0 0 0 1.53846153846 5.88235294118 2.79542566709 0 14.2857142857 6.34202776609 0 1.28205128205 4.19161676647 0 2.50748502994 0 2.17616580311 0 8.82352941176 3.57891793653 0 10.0 0 0 9.09090909091 0 9.43396226415 0 
2017-12-15 0 3.17056033726 0 0 0 1.65369649805 16.6666666667 0 0 3.33333333333 0 0 0 3.3206911083 0 2.42448330684 4.11985018727 0 0 0 3.61502347418 4.54545454545 0 0 6.66666666667 0 1.96078431373 7.14285714286 2.01863354037 0 0 3.4473985498 0 6.25 2.22222222222 0 2.18554861731 0 1.13502935421 0 3.57142857143 2.4280941905 2.38095238095 0 0 0 0 0 1.96078431373 0 
2017-12-16 0 7.95502757743 0 20.0 0 13.4157944814 0 0 0 14.9758454106 0 10.0 0 11.8900110328 0 10.9235729186 11.5107913669 0 0 0 13.1635969664 10.4166666667 0 0 12.5 0 7.01754385965 0 6.77655677656 0 0 14.6227574343 0 5.0 13.8157894737 0 8.03941908714 14.2857142857 5.75386254662 0 20.6896551724 8.15047021944 8.10810810811 0 0 0 8.33333333333 0 2.43902439024 0 
2017-12-17 0 4.48908730159 5.26315789474 0 0 9.12408759124 0 0 0 5.15463917526 0 25.0 0 6.08821141878 0 5.25480864565 6.87022900763 0 0 0 7.79619398404 1.96078431373 0 0 0 0 9.09090909091 0 3.75 0 0 8.38131797825 0 3.44827586207 5.88235294118 0 4.28326670474 0 3.26504481434 0 6.66666666667 4.74468551392 0 6.25 0 0 0 0 15.1515151515 0 
2017-12-18 0 14.7005208333 5.0 13.3333333333 0 9.87432675045 16.6666666667 0 0 8.85416666667 0 10.0 13.3333333333 9.58376397632 0 8.21804666529 9.88593155894 0 0 0 17.0607028754 1.92307692308 0 0 33.3333333333 0 5.35714285714 0 9.32203389831 0 0 11.7283155046 0 10.3448275862 5.19480519481 0 8.88369374635 0 10.2996254682 0 10.7142857143 11.0899944103 0 0 0 0 0 0 3.125 0 
2017-12-19 0 13.6915836708 8.69565217391 6.25 0 11.0016420361 16.6666666667 0 0 9.45945945946 0 8.33333333333 25.0 11.7243605261 0 9.1649308843 11.2627986348 0 0 0 16.9831223629 10.1694915254 0 0 9.09090909091 0 3.22580645161 14.2857142857 8.40787119857 0 33.3333333333 12.4666589354 14.2857142857 5.88235294118 7.10059171598 0 9.24205378973 5.0 9.82404692082 0 15.625 10.3093755895 7.69230769231 5.0 0 0 0 0 6.25 0 
2017-12-20 0 11.5110356537 15.3846153846 5.0 0 8.40277777778 0 0 0 6.27615062762 0 21.4285714286 20.0 12.2407688417 0 8.61610633307 10.5691056911 0 0 0 17.4152876281 13.2352941176 0 0 22.2222222222 0 9.41176470588 0 12.1457489879 0 0 11.2782666288 0 8.97435897436 5.20833333333 0 10.2793696275 7.40740740741 9.82920878355 0 16.2162162162 9.87835263081 6.89655172414 4.7619047619 0 0 9.09090909091 0 4.87804878049 0 
2017-12-21 0 9.15330043183 10.7142857143 4.34782608696 0 6.98198198198 0 20.0 0 6.39269406393 0 0 9.67741935484 9.53363340835 0 7.75387693847 5.69800569801 0 0 0 12.4219037119 6.45161290323 12.5 20.0 8.0 0 5.95238095238 0 9.21895006402 0 0 9.38470496894 14.2857142857 8.64197530864 7.34463276836 0 6.81818181818 4.16666666667 5.63027838599 0 6.25 7.19644345652 10.0 9.09090909091 0 0 11.1111111111 0 7.14285714286 0 
2017-12-22 0 7.63052208835 3.57142857143 4.0 0 7.12661106899 0 0 0 7.28744939271 33.3333333333 9.09090909091 3.22580645161 10.1691365136 0 7.6782170661 6.33608815427 0 0 0 11.7206982544 12.8571428571 0 0 10.7142857143 33.3333333333 8.16326530612 0 8.92070484581 0 0 8.90337560279 0 13.4020618557 7.47126436782 0 6.94600674916 0 5.31115879828 0 5.71428571429 7.12413628782 9.75609756098 5.0 0 0 25.0 0 7.14285714286 0 
2017-12-23 0 4.09532462087 7.14285714286 4.0 0 4.3771043771 0 0 0 4.0 0 0 12.5 4.95476541132 0 4.07365162131 5.14285714286 0 0 0 6.32911392405 3.0303030303 0 0 8.0 0 0.961538461538 14.2857142857 5.10783200908 0 0 5.09656146962 0 2.29885057471 0.657894736842 0 4.27883253046 0 3.1779031779 0 8.82352941176 3.98511885995 4.44444444444 5.55555555556 0 0 0 0 0 0 
2017-12-24 0 2.66178266178 0 4.54545454545 0 2.69709543568 0 0 0 4.97237569061 0 0 7.14285714286 3.07289185326 0 2.63963274675 1.02040816327 0 0 0 3.78977475867 5.55555555556 0 0 4.7619047619 0 4.0 28.5714285714 3.04955527319 0 0 3.5500995355 0 5.55555555556 1.7094017094 0 1.97013028281 0 1.30198915009 0 0 2.49817384953 0 0 0 0 0 0 3.0303030303 0 
2017-12-25 0 4.36594562413 0 9.09090909091 0 5.41237113402 14.2857142857 0 0 5.23255813953 0 0 4.54545454545 4.86870120653 0 5.62642369021 3.09734513274 0 0 0 4.85393258427 6.81818181818 0 0 15.0 0 4.44444444444 14.2857142857 5.53797468354 0 0 6.19072708114 0 1.69491525424 6.73076923077 0 3.1990521327 0 4.13385826772 0 0 3.54781054513 2.63157894737 5.55555555556 0 0 12.5 0 0 0 
2017-12-26 0 8.18074740336 0 9.09090909091 0 15.4222766218 0 0 0 9.44444444444 0 7.69230769231 27.2727272727 13.736113016 0 11.9253830779 12.9707112971 0 0 0 11.9980648283 13.9534883721 0 0 12.5 25.0 12.6315789474 22.2222222222 11.2745098039 0 0 13.7476955491 0 10.6060606061 9.90099009901 14.2857142857 8.18403908795 0 6.76868746321 0 13.8888888889 8.0665696617 8.33333333333 9.09090909091 0 0 12.5 0 26.0869565217 0 
2017-12-27 0 7.93831374036 0 0 0 9.92366412214 0 0 0 13.2530120482 0 0 0 8.85611797529 0 8.16527299557 9.91379310345 0 12.5 0 10.2594339623 11.4285714286 0 0 8.33333333333 0 6.89655172414 12.5 7.8431372549 0 16.6666666667 9.86948232879 20.0 14.0 10.5263157895 0 5.93607305936 0 7.31889469754 0 0 6.67160076126 10.3448275862 0 0 0 12.5 0 4.54545454545 0 
2017-12-28 0 11.5392872477 5.88235294118 0 0 8.16568047337 11.1111111111 0 0 8.64864864865 0 16.6666666667 15.1515151515 13.1351869607 0 9.43933420937 9.09090909091 0 0 0 19.5620437956 13.1578947368 0 0 17.8571428571 0 7.07070707071 11.1111111111 14.9253731343 0 20.0 11.9016133298 0 16.0714285714 7.27272727273 0 11.2742980562 13.3333333333 11.8223760092 0 5.71428571429 10.3270795285 16.6666666667 8.33333333333 0 0 12.5 0 8.0 0 
2017-12-29 0 8.14232902033 5.26315789474 6.25 0 8.40248962656 0 0 0 10.0 0 9.09090909091 10.5263157895 9.97022940867 0 9.51184493898 10.5590062112 0 0 0 11.6484440706 9.3023255814 0 0 6.25 0 4.62962962963 12.5 9.95792426367 0 33.3333333333 11.5631218218 0 8.57142857143 8.33333333333 0 7.01943844492 13.3333333333 6.80207841285 0 26.6666666667 6.66438356164 11.7647058824 7.69230769231 0 0 0 0 16.6666666667 0 
2017-12-30 0 4.72199693611 0 0 0 4.8951048951 0 0 0 3.53982300885 0 0 4.87804878049 4.63991710322 0 5.411558669 4.60122699387 0 0 0 7.68618080446 8.69565217391 16.6666666667 0 6.89655172414 0 2.9702970297 0 5.34759358289 0 0 5.64586042479 0 4.16666666667 4.79452054795 0 3.73212417161 10.5263157895 2.89855072464 0 2.43902439024 3.55274207093 3.33333333333 4.16666666667 0 0 12.5 0 3.22580645161 0 
2017-12-31 0 4.144251843 0 13.3333333333 0 6.14136732329 0 0 0 4.08163265306 0 9.09090909091 5.12820512821 5.70626753976 0 5.66897918731 7.06713780919 0 0 0 6.46420824295 4.87804878049 0 0 20.0 0 2.35294117647 0 4.55212922173 0 0 6.88317983519 0 6.77966101695 5.38461538462 0 3.58657925183 5.26315789474 3.25865580448 0 8.10810810811 2.73354746122 7.14285714286 0 0 0 0 0 4.16666666667 0 
2018-1-1 0 0.2405002405 0 0 0 0 0 0 0 0.649350649351 0 0 0 0.0991325898389 0 0.121743364987 0 0 0 0 0 0 0 0 0 0 0 0 0 0 0 0.178544859396 0 0 0 0 0.0897666068223 0 0.122249388753 0 0 0.11197312645 0 0 0 0 0 0 0 0 
2018-1-2 0 0 0 0 0 0 0 0 0 0 0 0 0 0 0 0 0 0 0 0 0 0 0 0 0 0 0 0 0 0 0 0 0 0 0 0 0 0 0 0 0 0 0 0 0 0 0 0 0 0 
2018-1-3 0 0 0 0 0 0 0 0 0 0 0 0 0 0 0 0 0 0 0 0 0 0 0 0 0 0 0 0 0 0 0 0 0 0 0 0 0 0 0 0 0 0 0 0 0 0 0 0 0 0 
2018-1-4 0 0 0 0 0 0 0 0 0 0 0 0 0 0 0 0 0 0 0 0 0 0 0 0 0 0 0 0 0 0 0 0 0 0 0 0 0 0 0 0 0 0 0 0 0 0 0 0 0 0 
2018-1-5 0 0 0 0 0 0 0 0 0 0 0 0 0 0 0 0 0 0 0 0 0 0 0 0 0 0 0 0 0 0 0 0 0 0 0 0 0 0 0 0 0 0 0 0 0 0 0 0 0 0 
2018-1-6 0 8.42545563191 6.25 9.09090909091 0 5.03401360544 14.2857142857 0 0 6.50406504065 0 0 7.69230769231 6.6689045541 25.0 5.69489524934 7.82122905028 0 0 0 10.2012491325 4.87804878049 0 0 12.5 0 4.93827160494 0 4.93468795356 0 0 7.84383954155 12.5 3.84615384615 4.13223140496 0 5.47866205306 13.0434782609 6.05504587156 0 10.5263157895 4.59600433028 16.0 9.52380952381 0 0 0 0 4.54545454545 0 
2018-1-7 0 10.3184486746 0 0 0 4.76947535771 0 0 0 5.4347826087 0 0 0 10.5696934644 0 7.40007914523 7.43801652893 0 0 20.0 14.5339652449 5.88235294118 0 0 9.09090909091 20.0 8.19672131148 0 5.18783542039 0 0 8.56148491879 12.5 6.3829787234 0 0 5.3651266766 10.5263157895 9.05459387483 0 3.0303030303 5.95238095238 4.54545454545 0 0 0 11.1111111111 0 5.0 0 
2018-1-8 0 20.7028852056 22.2222222222 0 0 7.44466800805 0 0 20.0 8.10810810811 0 0 10.0 9.35489193202 0 9.98600093327 11.8181818182 0 0 0 20.3172205438 9.67741935484 0 0 8.82352941176 0 8.33333333333 0 10.5708245243 50.0 0 9.91646456481 0 16.6666666667 2.94117647059 16.6666666667 10.8508977361 11.7647058824 19.3470374849 0 11.1111111111 11.0789444383 9.52380952381 0 0 0 0 0 30.0 0 
2018-1-9 0 18.8055165965 0 11.1111111111 0 23.0902777778 0 0 0 18.6046511628 0 0 10.0 21.7702342545 0 21.3020189534 21.4814814815 0 25.0 20.0 24.7619047619 20.0 0 0 11.1111111111 0 23.5294117647 0 15.1696606786 0 28.5714285714 20.4076559781 0 17.5 14.5161290323 0 19.5506982392 15.7894736842 27.1922767498 0 11.1111111111 15.7284614671 4.0 0 0 0 0 0 7.69230769231 0 
2018-1-10 0 12.1949054762 9.09090909091 12.5 0 16.6409861325 14.2857142857 20.0 0 16.5289256198 0 0 15.7894736842 14.2681047766 0 15.1954976303 13.8121546961 0 22.2222222222 0 14.8587055606 3.22580645161 0 0 9.375 0 12.6582278481 22.2222222222 11.7857142857 0 14.2857142857 14.8848092153 16.6666666667 8.82352941176 13.7931034483 0 11.7539863326 0 15.3937240971 0 10.7142857143 9.2784992785 12.9032258065 5.55555555556 0 0 0 50.0 8.33333333333 0 
2018-1-11 0 12.833545108 13.3333333333 8.69565217391 0 19.6385542169 14.2857142857 0 0 15.0943396226 20.0 22.2222222222 4.7619047619 17.6033327888 0 16.4635603345 17.2093023256 0 22.2222222222 0 15.925058548 14.7058823529 0 0 12.9032258065 0 9.18367346939 0 14.1984732824 0 14.2857142857 17.5464037123 0 26.0 23.3766233766 0 14.3397654181 14.2857142857 19.3448428508 20.0 21.6216216216 12.1545226131 17.0731707317 5.26315789474 0 0 9.09090909091 0 7.31707317073 25.0 
2018-1-12 0 9.16076845298 21.0526315789 8.69565217391 0 13.7474541752 16.6666666667 0 0 13.3689839572 0 0 16.6666666667 13.6175968109 0 12.8559636814 11.1538461538 0 0 0 13.2288629738 13.9534883721 0 0 13.7931034483 0 9.90990990991 23.0769230769 11.5127175368 0 0 13.2957393484 0 18.0327868852 16.8539325843 0 11.2406867509 4.54545454545 12.1189591078 0 10.0 8.79359634077 6.52173913043 0 0 0 0 0 11.6279069767 20.0 
2018-1-13 0 7.81694915254 13.0434782609 4.0 0 13.6363636364 0 0 0 12.2270742358 16.6666666667 11.1111111111 4.34782608696 15.0518930829 0 13.9394952365 18.75 0 11.1111111111 0 11.2323943662 19.6428571429 16.6666666667 0 17.2413793103 0 7.2 13.3333333333 11.2980769231 0 0 14.7676767677 20.0 15.5844155844 17.8861788618 0 10.9679266896 4.16666666667 10.2483385799 0 4.7619047619 9.38946680464 9.43396226415 4.16666666667 0 0 0 0 7.14285714286 0 
2018-1-14 0 6.00255427842 4.16666666667 0 0 10.460251046 14.2857142857 0 0 12.9032258065 0 11.1111111111 10.5263157895 9.65634929975 0 10.3778174153 11.8644067797 0 0 0 9.42670257791 14.5454545455 0 0 19.3548387097 20.0 5.21739130435 13.3333333333 8.9696969697 0 16.6666666667 10.8793137064 0 10.2564102564 11.9718309859 10.0 7.6139088729 13.0434782609 7.19844357977 0 12.8205128205 7.0299598962 7.14285714286 0 0 0 0 0 2.5641025641 0 
2018-1-15 0 6.79022337326 14.8148148148 0 0 8.911739503 0 0 0 7.40740740741 0 33.3333333333 5.55555555556 7.29563614014 0 7.849319615 6.43274853801 0 0 0 8.70994248151 5.08474576271 0 0 6.89655172414 0 4.85436893204 18.75 8.23827629911 0 0 7.92404056472 0 3.75 8.0 0 4.93867010975 7.69230769231 9.29776382895 0 7.5 6.575 3.92156862745 0 0 0 12.5 0 10.0 0 
2018-1-16 0 12.1551580003 4.0 20.0 0 13.1132917038 25.0 0 0 11.5702479339 0 15.3846153846 10.0 13.8232936679 0 11.4433678583 10.632183908 0 0 20.0 16.4271047228 12.0689655172 25.0 0 18.75 0 4.70588235294 7.14285714286 10.2841677943 0 0 11.8439716312 0 10.8108108108 8.39160839161 0 10.2778707734 4.34782608696 12.1632996633 0 15.625 10.0760456274 10.4166666667 10.5263157895 0 0 42.8571428571 0 13.3333333333 0 
2018-1-17 0 11.2702724953 4.54545454545 20.0 0 9.88805970149 0 0 0 7.94979079498 0 0 17.6470588235 11.6653157928 0 10.2465844718 7.22891566265 0 0 0 13.8442521632 10.7142857143 14.2857142857 0 12.9032258065 0 10.7142857143 0 12.4475524476 0 20.0 10.7637474542 0 9.23076923077 12.4183006536 0 9.57518543493 8.33333333333 13.353115727 0 3.22580645161 10.2311308436 6.3829787234 12.5 0 0 12.5 0 0 0 
2018-1-18 0 9.75146430268 0 20.0 0 10.495049505 0 0 0 12.1621621622 16.6666666667 8.33333333333 12.5 10.5529673891 0 10.3735174367 10.2990033223 0 12.5 0 11.2728785358 15.0943396226 0 0 18.1818181818 0 9.87654320988 0 9.01162790698 0 0 11.0735694823 0 9.25925925926 12.0567375887 22.2222222222 7.8445229682 4.16666666667 8.71404399323 0 10.0 8.34499766713 6.81818181818 11.7647058824 0 0 0 0 9.09090909091 0 
2018-1-19 0 9.88483007136 0 9.09090909091 0 10.8 0 0 0 12.5560538117 0 10.0 20.0 12.6803533973 0 9.54341987466 10.5072463768 0 0 0 13.4235976789 9.80392156863 14.2857142857 20.0 14.7058823529 0 16.8831168831 0 11.6022099448 0 0 11.1219512195 0 11.5384615385 6.87022900763 0 10.1501305483 4.16666666667 11.3863216266 0 3.7037037037 9.40807285257 4.6511627907 16.6666666667 0 0 12.5 0 11.4285714286 0 
2018-1-20 0 6.113627007 11.1111111111 20.0 0 12.9182156134 0 0 0 7.69230769231 0 23.0769230769 8.33333333333 12.520998992 0 10.6418082825 9.29487179487 0 0 0 10.3905674282 9.09090909091 0 0 12.1951219512 0 10.0 0 8.96103896104 0 20.0 11.4237422947 0 9.83606557377 8.39694656489 0 7.81663238319 5.0 7.42685671418 0 11.1111111111 6.99204668994 6.66666666667 8.33333333333 0 33.3333333333 25.0 0 8.57142857143 0 
2018-1-21 0 6.41158989599 0 12.5 0 11.6193961574 0 0 0 11.3043478261 0 25.0 3.84615384615 12.8428240996 0 11.4815417141 9.0 0 12.5 0 11.0851808635 12.5 0 0 12.5 0 15.4639175258 0 9.32642487047 0 0 11.6242813992 0 19.7183098592 9.48905109489 0 7.54265190063 5.0 6.7105804858 0 3.84615384615 6.9119548607 2.7027027027 8.33333333333 0 0 7.69230769231 0 6.66666666667 0 
2018-1-22 0 8.60082936569 17.6470588235 0 0 9.58525345622 0 0 0 9.60698689956 0 10.0 7.40740740741 7.64826175869 0 9.59545302574 11.3333333333 0 11.1111111111 0 9.96354799514 12.5 0 0 19.1489361702 0 3.57142857143 0 8.47682119205 0 0 9.91538078646 0 12.676056338 7.69230769231 14.2857142857 7.19332048812 10.5263157895 9.31049626702 0 0 7.40022519705 11.1111111111 3.44827586207 0 0 9.09090909091 0 12.1212121212 0 
2018-1-23 0 9.6921322691 13.3333333333 14.2857142857 0 10.9962406015 0 0 14.2857142857 9.73451327434 0 10.0 3.84615384615 11.2687474666 0 11.3238967527 11.5646258503 0 12.5 0 11.3276492083 14.0350877193 0 0 4.7619047619 0 13.4146341463 11.1111111111 9.84251968504 0 0 12.4742369222 0 13.1578947368 14.8148148148 0 8.7459807074 5.26315789474 10.758377425 0 17.8571428571 8.39050796249 14.2857142857 0 0 0 0 0 10.0 0 
2018-1-24 0 7.65230312036 12.5 0 0 4.09482758621 0 0 14.2857142857 5.75916230366 0 10.0 12.5 4.64689073343 0 5.06258172987 5.47445255474 0 0 0 9.00818926297 5.55555555556 0 0 7.69230769231 0 4.28571428571 0 6.01503759398 0 0 6.17621337997 0 4.16666666667 4.72440944882 0 4.54545454545 12.5 6.7374005305 0 17.2413793103 5.00466050047 8.33333333333 4.7619047619 0 0 0 0 3.22580645161 0 
2018-1-25 0 8.96457546791 18.75 13.3333333333 0 11.2590799031 0 0 0 8.04597701149 0 14.2857142857 16.6666666667 8.23022271893 0 7.73400041693 6.19834710744 0 0 0 11.7368670137 9.80392156863 0 0 6.45161290323 20.0 17.4603174603 0 12.8637059724 0 20.0 8.90776699029 0 4.83870967742 6.72268907563 0 8.45070422535 4.7619047619 8.00889877642 0 20.0 8.84255930985 13.1578947368 4.7619047619 0 0 10.0 0 15.1515151515 0 
2018-1-26 0 9.39069174848 13.3333333333 8.33333333333 0 12.9205921938 0 0 0 20.9039548023 0 0 4.7619047619 17.472026523 0 12.5055928412 11.3445378151 0 0 20.0 15.3419593346 14.8148148148 14.2857142857 0 10.3448275862 0 19.0476190476 22.2222222222 14.0298507463 0 0 12.6593689633 0 11.7647058824 4.9504950495 0 11.753371869 4.16666666667 14.4104803493 0 6.66666666667 12.4644511254 7.14285714286 5.0 0 0 0 0 8.10810810811 0 
2018-1-27 0 6.51122214291 0 0 0 11.030478955 25.0 0 0 7.40740740741 0 33.3333333333 23.8095238095 12.2727272727 0 9.8984171982 8.63636363636 0 0 0 12.2823529412 7.69230769231 0 0 20.0 0 5.97014925373 11.1111111111 11.7910447761 0 20.0 10.8974358974 0 13.4615384615 7.52688172043 0 10.0258971513 0 9.63488843813 0 6.66666666667 9.76205003051 4.7619047619 0 0 0 0 0 0 0 
2018-1-28 0 5.83457070487 0 8.33333333333 0 10.9034267913 0 0 0 6.80272108844 0 16.6666666667 0 8.36930666902 0 6.54025831272 6.0773480663 0 18.1818181818 0 10.6569343066 10.8695652174 0 0 5.55555555556 0 3.22580645161 9.09090909091 9.17573872473 0 0 8.98981989037 0 14.2857142857 7.14285714286 0 7.15109573241 9.52380952381 8.44370860927 0 4.0 8.2820587948 2.63157894737 5.88235294118 0 0 0 0 0 16.6666666667 
2018-1-29 0 10.2264119182 6.66666666667 15.3846153846 0 6.44171779141 0 0 0 7.58620689655 0 16.6666666667 20.8333333333 6.64714999139 0 6.23070446253 6.09756097561 0 8.33333333333 0 12.1045392022 6.12244897959 0 0 11.1111111111 0 6.15384615385 0 9.14454277286 0 0 7.1638381201 0 0 3.38983050847 16.6666666667 5.66666666667 9.09090909091 10.248447205 0 17.3913043478 9.31415712748 2.94117647059 7.14285714286 0 0 0 0 9.09090909091 0 
2018-1-30 0 15.9395973154 0 16.6666666667 0 18.2926829268 0 0 0 14.3790849673 0 0 23.0769230769 14.9218808967 0 14.7487844408 15.5688622754 0 8.33333333333 0 18.2049110923 15.0943396226 0 0 17.3913043478 0 18.8405797101 9.09090909091 11.7474302496 0 0 14.688192466 20.0 17.6470588235 9.25925925926 30.0 13.1785714286 10.5263157895 17.1388101983 0 19.0476190476 14.9981146305 10.0 0 0 0 0 0 38.4615384615 0 
2018-1-31 0 12.6075868664 13.3333333333 14.2857142857 0 17.0658682635 12.5 0 0 19.2857142857 0 37.5 20.5882352941 15.0299217431 0 14.0017286085 12.2580645161 0 0 0 15.5348047538 28.5714285714 0 0 18.1818181818 0 16.2162162162 0 13.8138138138 0 0 14.4303797468 0 10.4166666667 13.2075471698 7.14285714286 12.5232948192 0 17.070757051 0 5.55555555556 14.033871447 7.14285714286 14.2857142857 0 0 33.3333333333 0 11.1111111111 0 
2018-2-1 0 10.1677148847 12.5 22.2222222222 0 14.7100424328 12.5 0 0 11.2676056338 0 22.2222222222 6.06060606061 11.5264565993 0 11.0624635143 12.4183006536 0 8.33333333333 0 11.9512195122 12.2807017544 0 0 24.0 0 9.75609756098 6.66666666667 10.1382488479 0 0 12.3938879457 0 16.3636363636 12.0 0 9.29783950617 0 9.61064563825 0 19.2307692308 11.1888801262 11.5384615385 0 0 0 14.2857142857 0 6.45161290323 0 
2018-2-2 0 8.18096408181 12.5 16.6666666667 0 13.5317997294 0 0 0 10.9677419355 0 0 6.25 10.0381377276 0 9.89449672084 11.5853658537 0 10.0 0 9.11680911681 16.393442623 0 0 9.09090909091 0 4.70588235294 11.7647058824 8.21256038647 0 0 11.8887015177 0 8.16326530612 10.0 0 6.77146311971 7.69230769231 6.84315684316 20.0 16.1290322581 8.58580775038 4.0 0 20.0 0 14.2857142857 0 5.71428571429 0 
2018-2-3 0 6.36370614877 13.3333333333 0 0 11.7861482382 14.2857142857 0 0 11.4457831325 0 12.5 9.67741935484 12.0216515609 0 11.3810741688 7.42857142857 0 14.2857142857 0 10.0570032573 15.1515151515 0 0 5.88235294118 0 5.15463917526 15.7894736842 7.05128205128 0 0 12.9426129426 0 18.0327868852 15.3846153846 0 9.79716800612 16.6666666667 9.77639105564 0 15.1515151515 10.5954290297 0 9.09090909091 0 0 0 0 8.82352941176 0 
2018-2-4 0 7.02693516866 7.69230769231 16.6666666667 0 11.5338882283 16.6666666667 0 0 9.49367088608 0 0 7.14285714286 12.1257766899 0 10.9370988447 12.9411764706 0 0 20.0 11.5006412997 4.6875 20.0 0 16.2162162162 0 7.92079207921 15.0 10.0977198697 0 0 13.4403669725 0 10.9375 8.57142857143 0 9.32301740812 0 9.04347826087 0 6.89655172414 10.5821227866 19.2307692308 7.14285714286 0 0 0 0 3.84615384615 0 
2018-2-5 0 9.42597098315 8.33333333333 6.25 0 7.7519379845 16.6666666667 0 0 7.63888888889 0 0 20.0 6.71079501444 0 7.78575372722 7.48299319728 0 20.0 0 10.1694915254 10.7142857143 0 0 14.2857142857 0 6.59340659341 6.25 9.83050847458 0 0 8.7698938992 0 10.2941176471 13.8888888889 10.0 5.95911265768 0 8.91891891892 0 11.1111111111 9.31836782416 8.69565217391 0 0 0 0 0 9.09090909091 0 
2018-2-6 0 9.33083762284 20.0 0 0 9.05292479109 0 0 0 7.97101449275 0 0 0 6.54358494975 0 7.02064896755 4.58015267176 0 20.0 0 12.1182743577 1.96078431373 0 0 5.0 0 4.81927710843 12.5 7.43362831858 0 0 8.40127614321 0 3.7037037037 4.4776119403 0 6.45161290323 7.69230769231 7.80303030303 0 9.67741935484 8.63372825813 3.84615384615 0 0 0 12.5 0 5.0 0 
2018-2-7 0 9.79211739253 7.69230769231 0 0 8.54572713643 0 0 0 10.5691056911 0 12.5 0 7.60478540952 0 7.73497688752 6.83760683761 0 0 0 10.4738154613 7.14285714286 0 0 13.8888888889 0 4.70588235294 0 5.18783542039 0 0 8.75187406297 16.6666666667 17.2413793103 3.27868852459 0 5.22682445759 6.66666666667 7.71704180064 0 14.2857142857 8.45363506308 10.0 0 0 0 0 0 20.0 0 
2018-2-8 0 9.64398377648 15.3846153846 15.3846153846 0 9.01639344262 0 0 0 8.33333333333 0 0 6.25 9.83057337035 0 7.55172413793 10.0 0 16.6666666667 0 11.4124872057 6.66666666667 0 0 8.10810810811 0 9.3023255814 13.3333333333 6.14525139665 0 0 9.60898502496 0 6.12244897959 9.80392156863 0 7.85169029444 6.25 9.4127806563 0 11.1111111111 9.29460580913 8.33333333333 0 0 0 0 0 12.0 0 
2018-2-9 0 9.57867583835 0 15.3846153846 0 13.0590339893 33.3333333333 0 16.6666666667 14.2857142857 0 0 12.5 15.8038433267 0 12.6177024482 19.0476190476 0 0 0 14.5473041709 7.40740740741 0 0 3.33333333333 0 8.97435897436 10.0 10.1727447217 0 0 13.9762881897 0 21.7391304348 15.5555555556 16.6666666667 11.2286890065 13.3333333333 14.3474503025 0 6.66666666667 12.3227453205 11.1111111111 14.2857142857 0 0 0 0 0 0 
2018-2-10 0 6.40510948905 0 20.0 0 15.7980456026 0 0 0 10.6557377049 0 0 5.88235294118 14.9417852523 0 11.457963817 16.1016949153 0 0 0 10.5371900826 27.5862068966 0 0 8.69565217391 0 3.7037037037 0 8.56573705179 0 0 13.6285836543 0 14.2857142857 9.52380952381 0 9.59909655562 5.88235294118 11.1111111111 0 26.6666666667 9.61068811952 7.69230769231 7.69230769231 0 0 0 0 11.5384615385 0 
2018-2-11 16.6666666667 6.26708317064 0 16.6666666667 0 8.31973898858 16.6666666667 0 0 9.32203389831 0 0 6.25 9.77001404494 0 9.52544704264 8.06451612903 0 0 0 10.5291005291 9.375 0 0 16.6666666667 0 7.29166666667 0 6.94444444444 0 0 10.9071949948 14.2857142857 7.69230769231 2.5641025641 0 8.22510822511 12.5 9.54162768943 0 3.22580645161 8.76288659794 10.2564102564 7.14285714286 0 20.0 14.2857142857 0 7.69230769231 0 
2018-2-12 0 8.93977103036 12.5 7.69230769231 0 7.8231292517 0 0 0 10.9243697479 0 0 16.6666666667 6.22197822308 0 7.08123652049 6.66666666667 0 0 0 8.08743169399 3.44827586207 0 20.0 8.33333333333 0 4.3956043956 14.2857142857 8.72210953347 0 0 9.13543441227 0 4.6511627907 4.87804878049 0 5.78831312018 0 8.12619502868 0 6.66666666667 8.10648217777 8.10810810811 7.69230769231 0 0 16.6666666667 0 4.54545454545 0 
2018-2-13 0 10.1531424025 25.0 8.33333333333 0 7.69230769231 0 0 0 11.3043478261 0 0 15.0 8.69606003752 0 9.1395930025 8.0 0 0 0 12.7392017496 25.0 0 0 4.34782608696 0 11.7021276596 16.6666666667 8.18363273453 0 0 9.81308411215 0 10.6382978723 7.14285714286 0 8.03278688525 0 10.8949416342 20.0 9.67741935484 10.3025718608 2.85714285714 7.69230769231 0 0 25.0 0 5.88235294118 0 
2018-2-14 0 9.61194657693 0 18.1818181818 0 10.9848484848 0 0 0 9.48275862069 0 11.1111111111 5.55555555556 7.31343283582 0 8.31408775982 7.33944954128 0 0 0 10.6216053108 3.125 0 0 9.09090909091 0 1.20481927711 16.6666666667 6.56455142232 0 0 8.76993166287 12.5 11.9047619048 5.88235294118 0 5.8282208589 0 8.3426028921 0 3.44827586207 8.71149387214 12.9032258065 10.0 0 0 0 0 15.7894736842 0 
2018-2-15 0 10.4443334998 11.1111111111 0 0 11.3043478261 0 0 0 9.73451327434 0 0 0 10.1605619669 0 9.64316057774 8.42105263158 0 0 0 11.9877675841 17.8571428571 0 0 5.0 0 1.40845070423 0 8.42824601367 0 0 9.92424242424 0 6.45161290323 4.0 0 6.63600525624 11.1111111111 9.6511627907 0 7.40740740741 9.92301112062 6.45161290323 0 0 0 0 0 4.7619047619 0 
2018-2-16 0 8.77718704688 0 9.09090909091 0 10.6818181818 0 0 20.0 6.25 0 0 7.14285714286 9.22473012758 0 8.79523591388 6.59340659341 0 0 0 8.5009733939 12.0 0 0 16.6666666667 0 9.09090909091 16.6666666667 8.51063829787 0 0 9.54692556634 0 3.7037037037 11.1111111111 0 6.55391120507 0 7.47889022919 0 0 8.41644794401 14.2857142857 11.1111111111 0 0 0 0 0 0 
2018-2-17 0 5.25984251969 0 0 0 8.12641083521 0 0 0 14.4144144144 0 0 13.3333333333 12.0354892632 0 10.2607952116 9.80392156863 0 0 0 9.65608465608 30.303030303 0 0 18.75 0 5.66037735849 20.0 7.56501182033 0 0 11.6569101553 0 3.7037037037 23.5294117647 0 6.85028248588 11.1111111111 9.18367346939 20.0 14.2857142857 7.21383879279 0 0 0 0 0 0 7.69230769231 0 
2018-2-18 0 5.25803310613 0 0 0 9.59488272921 0 0 0 4.67289719626 0 33.3333333333 13.3333333333 7.22061457903 0 8.18301803784 7.0 0 0 0 7.95795795796 16.1290322581 0 0 7.69230769231 0 2.77777777778 33.3333333333 8.0310880829 0 0 9.34748834801 0 9.52380952381 11.7647058824 0 3.81493506494 0 4.15384615385 0 4.34782608696 6.84789375389 11.1111111111 0 0 0 0 0 0 0 
2018-2-19 0 10.4506938475 0 9.09090909091 0 6.93512304251 0 0 0 8.24742268041 0 0 15.3846153846 6.1781185491 0 8.29246544806 7.14285714286 0 0 0 11.6332819723 5.88235294118 0 0 13.3333333333 0 7.5 12.5 8.83838383838 0 0 9.40397350993 0 27.7777777778 12.8205128205 20.0 5.58798999166 18.1818181818 10.9204368175 20.0 11.5384615385 10.0988849148 8.82352941176 0 0 0 0 0 4.54545454545 0 
2018-2-20 0 10.5097545626 18.1818181818 8.33333333333 0 7.52427184466 0 0 0 5.81395348837 0 0 14.2857142857 8.22222222222 0 7.88497217069 7.77777777778 0 0 0 13.3387227162 6.66666666667 0 0 15.0 0 9.09090909091 20.0 5.20833333333 0 0 8.8925259138 0 6.66666666667 2.63157894737 0 7.14916151809 8.33333333333 8.62068965517 0 8.69565217391 10.0217391304 9.375 18.1818181818 0 0 0 0 0 0 
2018-2-21 0 15.7727369091 0 15.3846153846 0 19.0871369295 16.6666666667 0 0 1.42857142857 0 0 6.66666666667 22.5536854324 0 18.2217343578 16.935483871 0 0 0 19.2180251822 0 0 0 10.0 0 17.7419354839 14.2857142857 18.2222222222 0 0 15.475638051 0 0 3.0303030303 20.0 17.9351422899 0 0 0 13.6363636364 19.2446633826 6.06060606061 6.66666666667 0 0 0 0 12.0 0 
2018-2-22 0 11.9505019038 14.2857142857 0 0 17.3838209983 16.6666666667 0 0 2.0 0 0 20.0 19.8367501898 0 15.2173913043 13.4328358209 0 0 0 18.7702265372 0 20.0 0 24.1379310345 0 8.86075949367 6.66666666667 13.8339920949 0 0 12.6742160279 0 0 0 20.0 12.1535181237 10.0 0 20.0 4.54545454545 14.3531262289 11.1111111111 15.7894736842 0 0 0 0 9.375 0 
2018-2-23 0 9.811126626 0 0 0 11.7283950617 0 0 0 0 0 0 17.6470588235 14.3758274278 0 14.9120433018 12.6506024096 0 0 0 14.4367816092 0 0 0 14.2857142857 0 10.4761904762 6.66666666667 11.8443316413 0 0 12.7207138789 12.5 0 5.88235294118 0 9.78723404255 8.0 0 0 3.57142857143 11.9283865401 15.7894736842 4.7619047619 0 0 33.3333333333 0 5.12820512821 0 
2018-2-24 0 6.09756097561 15.7894736842 9.09090909091 0 9.01639344262 0 0 0 0 0 0 5.55555555556 13.536121673 0 11.8781242561 11.9791666667 0 0 0 10.4862579281 0 0 0 8.10810810811 0 5.83333333333 11.7647058824 10.0619195046 0 0 10.0323624595 14.2857142857 0 0 0 7.38636363636 4.16666666667 0 20.0 7.14285714286 8.19998012126 11.4285714286 14.8148148148 0 0 14.2857142857 0 2.5641025641 20.0 
2018-2-25 0 6.07331357096 5.55555555556 16.6666666667 0 10.4513064133 20.0 0 0 5.26315789474 0 0 23.8095238095 11.9578266089 0 10.3819371175 6.42201834862 0 0 0 11.5007541478 0 0 20.0 14.6341463415 0 5.97014925373 0 8.90125173853 0 0 8.84071340713 16.6666666667 0 7.14285714286 0 7.16198125837 4.16666666667 0 0 9.67741935484 7.90613718412 12.5 0 0 0 12.5 0 7.69230769231 0 
2018-2-26 0 10.5959312774 0 0 0 7.8527607362 0 0 0 0 0 0 0 9.29523197945 0 9.23925027563 8.0 0 0 0 12.2095167835 0 0 0 8.88888888889 0 7.46268656716 15.7894736842 7.33427362482 0 0 7.93265339161 16.6666666667 0 7.69230769231 0 7.84114052953 7.40740740741 0 0 14.2857142857 9.99543587403 7.31707317073 3.7037037037 0 0 22.2222222222 0 8.10810810811 0 
2018-2-27 0 10.6794724771 0 10.0 0 9.61791831357 0 0 16.6666666667 0 0 0 17.3913043478 10.197602496 0 10.6227915194 9.80392156863 0 16.6666666667 20.0 10.7686453577 0 0 0 7.31707317073 0 3.2 16.6666666667 7.18390804598 0 0 10.1202886929 16.6666666667 0 0 0 7.25190839695 12.0 0 0 11.1111111111 9.47691164174 9.52380952381 7.14285714286 20.0 0 0 0 12.5 0 
2018-2-28 0 11.7278298232 7.14285714286 10.0 0 9.1280653951 0 0 0 0 0 0 13.0434782609 10.9957708574 0 11.0752935759 9.18918918919 0 0 0 12.7225519288 0 0 0 2.94117647059 0 5.1724137931 15.7894736842 9.73451327434 0 0 9.80260956842 16.6666666667 0 16.6666666667 0 8.63716814159 0 0 0 6.25 10.187767243 6.97674418605 5.88235294118 0 0 0 0 2.94117647059 0 
2018-3-1 0 10.5328538738 7.69230769231 0 0 7.65957446809 0 0 0 0 0 0 13.6363636364 10.0182565039 0 10.9019060902 8.0 0 0 0 12.3021582734 0 0 0 5.71428571429 0 6.36363636364 5.26315789474 8.64381520119 0 0 9.77724876722 0 0 8.33333333333 0 8.13478556841 0 0 0 14.2857142857 8.74693766446 4.7619047619 10.5263157895 0 0 0 0 8.10810810811 0 
2018-3-2 0 8.48194867334 0 0 0 9.36037441498 0 0 0 0 0 0 4.7619047619 10.2017654477 20.0 9.28085519922 6.47058823529 0 0 20.0 9.93696700037 0 0 0 15.3846153846 0 2.04081632653 6.25 8.87480190174 0 0 8.92318609189 14.2857142857 0 0 12.5 6.92967409949 5.55555555556 0 20.0 8.10810810811 8.19567399836 9.52380952381 2.5 0 0 0 0 2.85714285714 0 
2018-3-3 0 6.04346937385 7.14285714286 0 0 10.24 0 0 0 0 0 0 10.5263157895 12.7006070806 0 11.4452214452 9.60451977401 0 16.6666666667 0 8.22510822511 0 16.6666666667 0 12.1951219512 0 4.16666666667 7.14285714286 11.5569823435 0 0 9.69871360867 0 0 0 0 7.09194583036 7.14285714286 0 0 6.06060606061 7.20500537687 4.44444444444 4.7619047619 0 0 14.2857142857 0 3.0303030303 0 
2018-3-4 0 6.28201265441 14.2857142857 12.5 0 10.65830721 20.0 0 16.6666666667 0 0 0 30.4347826087 12.3029848161 0 11.1161217587 13.2275132275 0 0 0 10.2728731942 0 0 0 8.10810810811 0 5.05050505051 8.33333333333 9.91869918699 0 0 10.0116998161 0 0 0 0 7.00179533214 0 0 20.0 3.22580645161 7.53347643872 2.43902439024 8.88888888889 0 0 0 0 5.71428571429 0 
2018-3-5 0 11.2613981763 12.5 0 0 11.84 0 0 0 0 0 0 13.6363636364 9.53346855984 0 9.75498053584 12.6213592233 0 0 0 11.5561118064 0 16.6666666667 0 9.3023255814 0 6.3829787234 25.0 12.2778675283 0 0 9.48495665477 0 0 7.69230769231 0 7.6409495549 0 0 0 12.5 10.151165232 5.0 7.14285714286 0 0 0 0 12.1212121212 0 
2018-3-6 0 10.2103913732 0 11.1111111111 0 8.97009966777 0 0 0 0 0 0 5.26315789474 8.5235355972 0 9.33897906375 11.1627906977 0 0 0 13.1792896876 0 0 0 6.97674418605 0 6.52173913043 14.2857142857 13.3012820513 20.0 0 8.50916637842 0 0 0 0 7.48847926267 9.09090909091 0 0 4.0 9.80019029496 2.7027027027 0 0 0 20.0 0 2.94117647059 0 
2018-3-7 0 9.98011342712 13.3333333333 0 0 10.0 0 0 0 0 0 0 14.2857142857 8.42675159236 0 7.83333333333 6.94444444444 0 14.2857142857 0 10.7484769365 0 0 0 6.25 0 11.2244897959 0 10.7142857143 0 0 7.9048618398 14.2857142857 0 11.1111111111 0 6.55226209048 0 0 0 12.5 9.23583802742 11.7647058824 9.09090909091 0 0 0 0 12.1951219512 0 
2018-3-8 0 8.87750155806 7.69230769231 11.1111111111 0 10.2693602694 0 0 0 0 0 0 5.26315789474 9.73817507313 16.6666666667 8.87887622582 5.39215686275 0 0 0 11.7948717949 0 16.6666666667 0 14.2857142857 0 11.4942528736 0 8.8424437299 0 0 7.71456123433 0 0 0 0 6.14570614571 11.1111111111 0 0 16.0 8.47385724891 0 4.44444444444 0 0 0 0 6.97674418605 0 
2018-3-9 0 7.73918741809 0 23.0769230769 0 7.90960451977 0 0 0 0 0 0 28.5714285714 10.1639890119 0 9.12977099237 6.25 0 0 0 9.91589198761 0 0 0 10.7142857143 0 8.53658536585 0 8.52459016393 0 20.0 10.0513259196 0 0 25.0 0 5.57476231634 0 0 0 15.3846153846 7.30117340287 10.7142857143 4.54545454545 0 0 16.6666666667 0 6.97674418605 0 
2018-3-10 0 4.86937590711 0 7.14285714286 0 12.0078740157 0 0 0 0 0 0 13.3333333333 11.6556518754 0 10.3382259094 9.86842105263 0 16.6666666667 0 7.77402221149 0 0 0 21.4285714286 0 15.4761904762 9.09090909091 9.23344947735 20.0 0 11.1746590409 0 0 14.2857142857 0 6.99046754426 11.1111111111 0 0 4.16666666667 6.5722109775 8.33333333333 2.22222222222 0 0 12.5 0 2.7027027027 0 
2018-3-11 0 6.6778362853 12.5 7.14285714286 0 12.015503876 20.0 0 0 0 0 0 5.55555555556 14.1104294479 0 12.2632423756 14.0939597315 0 0 0 12.039800995 0 0 0 12.5 0 11.3636363636 0 13.9931740614 0 0 13.9155052265 0 0 12.5 0 9.53237410072 0 0 0 7.40740740741 9.16364545568 18.75 4.54545454545 0 0 22.2222222222 0 3.0303030303 0 
2018-3-12 0 10.6023705147 0 7.69230769231 0 13.5338345865 0 0 0 0 0 0 6.25 13.0030709552 0 11.2680683311 8.33333333333 0 0 0 12.8153380424 0 0 0 19.2307692308 0 12.2222222222 0 11.0320284698 0 0 12.4507658643 0 0 12.5 0 7.03894885031 0 0 0 15.3846153846 9.86749002959 7.14285714286 0 20.0 0 0 0 10.0 0 
2018-3-13 0 10.1066408143 7.69230769231 7.14285714286 0 9.78473581213 0 0 0 0 0 0 11.7647058824 11.1378784229 0 9.61857379768 6.71641791045 0 0 0 14.1116751269 0 0 0 20.0 0 5.95238095238 18.1818181818 10.1785714286 0 0 10.7212475634 0 0 11.1111111111 0 6.56589513462 0 0 0 11.5384615385 10.4506604507 6.89655172414 2.85714285714 0 16.6666666667 18.1818181818 0 7.14285714286 0 
2018-3-14 0 11.071682044 7.69230769231 18.1818181818 0 9.70297029703 0 0 0 0 0 0 13.3333333333 9.80328665102 0 10.2088167053 11.1940298507 0 16.6666666667 0 13.8763197587 0 0 0 11.1111111111 0 11.6279069767 0 10.8771929825 20.0 0 12.9487179487 0 0 12.5 16.6666666667 7.82122905028 0 0 0 11.1111111111 10.818378516 9.09090909091 2.85714285714 0 0 0 0 19.2307692308 0 
2018-3-15 0 9.93415402233 0 11.1111111111 0 12.1568627451 0 0 0 0 0 0 7.14285714286 11.7090909091 0 11.7039013004 12.4087591241 0 33.3333333333 0 13.155386082 0 0 0 21.4285714286 0 9.3023255814 0 9.82456140351 0 0 14.1884924727 0 0 0 0 8.30728003573 0 0 0 10.0 11.0844817256 13.5135135135 5.88235294118 0 0 0 0 13.7931034483 0 
2018-3-16 0 8.50819782741 20.0 0 0 11.2403100775 0 0 0 0 0 0 21.4285714286 13.8385907415 0 12.0 17.9310344828 0 0 0 12.5059438897 0 16.6666666667 0 15.625 0 12.9032258065 30.0 10.4204753199 33.3333333333 20.0 14.5829125429 0 0 0 16.6666666667 8.65163368615 25.0 0 0 12.9032258065 11.9189094722 3.44827586207 5.71428571429 0 0 9.09090909091 0 16.6666666667 0 
2018-3-17 0 6.74181351216 7.14285714286 0 0 18.5873605948 20.0 0 0 0 0 0 5.88235294118 17.037037037 0 14.5235892692 10.2564102564 0 0 0 12.6720455624 0 0 0 15.1515151515 0 12.8712871287 21.4285714286 11.1111111111 16.6666666667 0 16.7736021998 0 0 0 22.2222222222 10.3477887505 7.69230769231 0 0 6.89655172414 12.0092915215 5.55555555556 2.7027027027 20.0 0 11.1111111111 0 8.0 0 
2018-3-18 0 6.80923338223 6.25 0 0 17.4789915966 0 0 0 0 0 0 11.7647058824 13.0054249548 0 11.1078801977 9.03614457831 0 0 0 11.0560237977 0 0 0 3.22580645161 0 4.5871559633 0 7.62564991334 0 0 12.3902942695 0 0 0 0 8.34014717907 0 0 0 10.0 11.4289077213 2.77777777778 2.7027027027 0 0 27.2727272727 0 4.7619047619 0 
2018-3-19 0 9.68022795631 0 0 0 12.9186602871 0 0 0 0 0 0 15.0 8.27807330759 0 8.54625550661 6.54761904762 0 0 0 12.9940711462 0 0 0 3.7037037037 0 5.50458715596 0 7.94223826715 16.6666666667 0 9.2490527041 0 0 0 0 6.02660016625 18.75 0 20.0 11.1111111111 12.1290322581 11.7647058824 2.5641025641 0 0 27.2727272727 0 5.26315789474 0 
2018-3-20 0 9.76297968397 0 0 0 11.6883116883 0 0 0 0 0 0 5.26315789474 7.19230769231 0 8.01446218741 5.73248407643 0 16.6666666667 0 11.9960179194 0 0 0 9.09090909091 0 4.80769230769 8.33333333333 8.36363636364 16.6666666667 0 9.9541122485 0 0 0 0 5.74412532637 11.1111111111 0 0 15.3846153846 10.5505142166 9.375 2.5 0 0 0 0 15.0 0 
2018-3-21 0 9.79448703311 6.25 0 0 10.8695652174 0 0 0 0 0 0 5.88235294118 7.05323838589 0 8.90903407315 5.14705882353 0 0 0 11.5030674847 0 0 0 0 0 4.54545454545 8.33333333333 8.95238095238 0 0 8.79100281162 0 0 10.0 8.33333333333 5.61953017043 12.5 0 0 4.34782608696 9.74025974026 0 2.85714285714 0 0 18.1818181818 0 9.52380952381 0 
2018-3-22 0 10.3761249135 14.2857142857 0 100.0 11.3138686131 0 0 0 0 0 0 0 11.6336147654 0 10.7482993197 11.4754098361 0 0 0 12.951496388 0 0 0 23.5294117647 0 13.9240506329 10.0 11.3545816733 0 0 11.0395010395 0 0 0 15.3846153846 5.92441266599 12.5 0 0 0 11.5245943858 7.14285714286 2.7027027027 0 0 0 0 9.52380952381 0 
2018-3-23 0 9.60260008864 16.6666666667 0 0 9.22431865828 0 0 0 0 0 0 0 12.9647384681 16.6666666667 9.26794085828 11.2068965517 0 0 0 11.2740141557 0 0 0 11.1111111111 0 13.5802469136 0 9.45674044266 28.5714285714 0 11.3556338028 0 0 0 0 6.21186910704 17.6470588235 0 0 15.7894736842 9.99870817724 12.9032258065 5.40540540541 20.0 0 9.09090909091 0 8.69565217391 0 
2018-3-24 0 6.90394851831 16.6666666667 0 0 13.4020618557 0 0 0 0 0 0 7.14285714286 14.7371501024 0 11.0289172831 10.0 0 25.0 0 10.4430379747 0 0 0 19.0476190476 0 13.2530120482 0 9.6837944664 0 0 12.7204814277 16.6666666667 0 11.1111111111 0 9.24548352816 0 0 0 0 9.64439655172 10.0 5.12820512821 0 0 0 0 11.5384615385 0 
2018-3-25 0 9.41780821918 26.6666666667 16.6666666667 0 19.4331983806 20.0 0 0 0 0 0 35.7142857143 21.5494904129 0 19.7717458359 18.7050359712 0 0 0 16.1904761905 0 0 0 14.2857142857 0 24.1758241758 16.6666666667 15.145631068 0 0 19.5707317073 0 0 0 11.1111111111 18.0616740088 17.6470588235 0 0 17.6470588235 14.6354733406 12.9032258065 2.5641025641 0 0 0 0 7.40740740741 0 
2018-3-26 0 13.0583897796 6.66666666667 0 0 10.9207708779 0 0 0 0 0 0 6.66666666667 10.4459691252 0 10.676835081 11.5107913669 0 0 20.0 14.0500266099 0 0 0 4.7619047619 0 7.60869565217 0 11.6504854369 0 0 12.0148234835 0 0 12.5 0 10.4850563449 16.6666666667 0 0 23.8095238095 13.5016611296 10.5263157895 6.3829787234 0 16.6666666667 0 0 11.5384615385 0 
2018-3-27 20.0 12.4391515994 0 0 0 15.4334038055 20.0 0 0 0 0 0 22.2222222222 10.7600491487 0 11.9808306709 8.63309352518 0 0 0 13.7969094923 0 20.0 0 11.7647058824 0 14.1304347826 0 10.9803921569 0 20.0 11.6364338093 0 0 0 0 10.9073359073 10.5263157895 0 0 5.26315789474 11.3406349646 15.2173913043 11.1111111111 0 0 9.09090909091 0 10.7142857143 0 
2018-3-28 0 10.5239982387 7.14285714286 0 0 14.9700598802 0 0 0 20.0 0 0 5.55555555556 7.93437589945 0 10.8582574772 10.9489051095 0 0 0 13.3871898442 0 0 0 0 0 6.09756097561 22.2222222222 6.63900414938 0 0 10.6734935014 0 0 16.6666666667 0 7.35667174023 5.88235294118 0 0 0 10.2212705211 4.25531914894 8.77192982456 20.0 0 0 0 19.3548387097 0 
2018-3-29 0 9.60273387441 13.3333333333 0 0 12.9032258065 42.8571428571 0 0 0 0 0 10.0 11.0563765736 0 12.0069204152 8.26446280992 0 0 0 11.1834319527 0 0 0 12.5 0 13.75 20.0 7.9822616408 0 0 11.8626211547 0 0 0 16.6666666667 9.30493273543 10.5263157895 0 0 15.0 10.1205169159 9.80392156863 5.55555555556 0 0 12.5 0 10.3448275862 0 
2018-3-30 0 7.60143810991 0 20.0 0 15.5361050328 0 0 0 0 0 0 15.7894736842 15.7946330107 0 13.7240356083 20.6896551724 0 0 0 12.8706624606 0 20.0 0 14.2857142857 0 13.3333333333 8.33333333333 8.31408775982 0 0 13.3954313595 0 0 12.5 20.0 10.4965430547 5.55555555556 0 0 18.5185185185 9.5188127717 3.84615384615 6.55737704918 0 0 16.6666666667 0 3.57142857143 0 
2018-3-31 0 7.11610486891 20.0 0 0 12.3203285421 14.2857142857 0 0 0 0 0 0 16.4217902351 0 14.0151515152 21.7054263566 0 0 20.0 12.516644474 0 16.6666666667 0 7.69230769231 0 9.63855421687 7.69230769231 11.7782909931 0 0 13.4855210315 0 0 0 0 14.0480591497 0 0 0 11.1111111111 9.93139496896 6.25 6.89655172414 0 0 0 0 13.7931034483 0 
2018-4-1 0 7.12250712251 9.09090909091 20.0 0 10.5263157895 0 0 0 0 0 0 17.6470588235 13.2786147965 0 11.3707708406 14.7058823529 0 0 0 11.0315186246 0 14.2857142857 0 31.25 0 8.86075949367 0 12.4087591241 28.5714285714 0 12.2466396416 0 0 0 11.1111111111 11.2030553787 8.33333333333 0 0 17.8571428571 9.33136191884 7.31707317073 5.26315789474 0 0 0 0 3.84615384615 0 
2018-4-2 0 8.76177505391 0 0 0 11.3425925926 0 0 0 0 0 0 5.55555555556 6.87940802405 0 8.96601590745 8.27067669173 0 0 20.0 11.3547376664 0 0 0 5.88235294118 0 5.33333333333 7.69230769231 11.0565110565 0 0 9.85854189336 0 0 0 10.0 5.54428668019 0 0 0 3.44827586207 6.38820638821 7.31707317073 3.63636363636 0 0 0 0 15.3846153846 0 
2018-4-3 0 12.2866508421 0 20.0 0 9.63855421687 0 0 0 0 0 0 6.25 7.18897442265 0 8.44581565754 6.06060606061 0 0 0 15.0663544106 0 14.2857142857 0 10.5263157895 0 4.6875 16.6666666667 11.5839243499 0 0 8.72560275545 0 0 0 0 7.02005730659 11.1111111111 0 0 10.7142857143 13.347401741 8.10810810811 8.0 0 0 0 0 3.57142857143 0 
2018-4-4 0 12.6478902733 8.33333333333 0 0 8.99182561308 0 0 0 0 0 0 0 11.5566037736 0 10.1175482788 6.30630630631 0 0 0 17.2989377845 0 0 0 16.6666666667 0 13.7931034483 10.0 8.63309352518 0 0 10.6913580247 0 0 14.2857142857 0 9.63855421687 27.2727272727 0 0 4.7619047619 11.6348585882 14.7058823529 5.0 0 0 0 0 14.2857142857 0 
2018-4-5 20.0 9.40604304636 0 14.2857142857 0 20.8333333333 0 0 0 0 0 0 16.6666666667 19.4553662444 0 16.6028097063 14.8514851485 0 0 0 14.5371078806 0 0 0 4.34782608696 0 25.0 0 13.0750605327 0 0 17.2661870504 0 0 0 0 14.9582384207 7.69230769231 0 0 5.55555555556 9.70657027429 8.82352941176 2.85714285714 0 0 0 0 4.0 0 
2018-4-6 0 5.66121185316 0 0 0 17.7829099307 0 0 0 0 0 0 18.1818181818 23.8089139344 0 17.3505275498 19.801980198 0 0 0 11.4906832298 0 0 0 9.52380952381 0 15.0943396226 0 13.2211538462 0 0 17.6148046607 0 0 14.2857142857 0 17.7905308465 14.2857142857 0 0 0 8.4082156611 12.9032258065 0 0 0 16.6666666667 0 0 0 
2018-4-7 0 4.44111776447 0 0 0 8.89423076923 0 0 0 0 0 0 5.0 15.1118568233 0 11.9073869901 13.5593220339 0 0 0 8.46905537459 0 0 0 0 0 9.67741935484 0 7.49354005168 12.5 0 13.0105900151 0 0 0 0 9.89375830013 7.14285714286 0 0 0 5.8195072901 0 0 0 0 16.6666666667 0 0 0 
2018-4-8 0 2.72846811308 0 0 0 7.78894472362 0 0 0 0 0 0 5.55555555556 8.47640643559 0 6.87711386697 7.62711864407 0 0 0 5.73929961089 0 0 0 5.26315789474 0 9.09090909091 12.5 3.75 12.5 0 6.53465346535 0 0 0 0 5.28846153846 7.69230769231 0 0 0 3.80043791054 0 0 0 0 0 0 0 0 
2018-4-9 0 4.66895278291 14.2857142857 0 0 7.03125 0 0 0 0 0 0 0 6.48648648649 0 6.9140625 3.38983050847 0 0 0 6.00522193211 0 0 0 0 0 16.4179104478 0 6.39097744361 0 0 7.45513115509 0 0 25.0 0 5.50038197097 0 0 0 12.5 5.69890060579 0 0 0 0 0 0 0 0 
2018-4-10 0 8.46947549441 14.2857142857 0 0 12.8440366972 0 0 0 0 0 0 11.7647058824 8.01502006992 0 8.63081789426 10.2803738318 0 0 0 10.553633218 0 0 0 0 0 11.8644067797 0 7.17948717949 0 0 10.1777892296 0 0 0 10.0 6.79886685552 0 0 0 25.0 8.80179890781 0 0 0 0 0 0 5.26315789474 0 
2018-4-11 0 7.24896019014 0 0 0 11.7408906883 0 0 0 20.0 0 0 0 6.57311669129 0 10.5691056911 3.7037037037 0 0 0 10.3529411765 0 0 0 6.66666666667 0 5.76923076923 0 8.73015873016 0 0 9.83446932814 0 0 0 14.2857142857 7.86666666667 0 0 0 0 7.69230769231 0 0 0 0 0 0 0 0 
2018-4-12 0 17.3314993122 37.5 12.5 0 17.8861788618 0 0 0 20.0 0 0 8.33333333333 19.2241005635 0 14.9673202614 12.9032258065 0 0 0 21.8905472637 0 0 0 0 0 11.7647058824 0 21.1382113821 0 0 14.7552958364 0 0 16.6666666667 0 18.0030257186 0 0 0 16.6666666667 18.4104627767 4.16666666667 0 0 0 0 0 7.69230769231 0 
2018-4-13 0 13.949044586 0 0 0 17.2549019608 0 0 0 0 0 0 22.2222222222 16.1998655613 0 12.9174543163 23.8805970149 0 0 0 15.25 0 0 0 0 0 11.5384615385 0 14.4 0 0 13.2243156772 0 0 0 0 14.9425287356 0 0 0 14.2857142857 15.0492264416 5.55555555556 0 0 0 0 0 0 0 
2018-4-14 0 10.407239819 14.2857142857 0 0 12.962962963 0 0 0 0 0 0 25.0 16.3291409081 0 11.9449656035 12.3076923077 0 0 0 12.8078817734 0 0 0 0 0 4.25531914894 0 10.6557377049 0 0 12.4956001408 0 0 16.6666666667 0 9.69101123596 0 0 0 0 11.6714697406 0 0 0 0 0 0 12.5 0 
2018-4-15 0 14.0372670807 0 11.1111111111 0 15.2727272727 0 0 0 0 0 0 27.2727272727 14.0408837497 0 13.5898977751 5.0 0 0 0 14.9758454106 0 0 0 0 0 6.52173913043 0 15.1515151515 0 0 13.4682484299 0 0 0 0 10.9017496635 18.1818181818 0 0 14.2857142857 14.2524452725 0 4.34782608696 0 0 0 0 0 0 
2018-4-16 0 22.7426160338 11.1111111111 0 0 24.6612466125 0 0 0 0 0 0 9.09090909091 29.7929914761 0 23.3760292772 26.3736263736 0 0 0 29.2929292929 0 0 0 12.5 0 21.5384615385 0 31.3725490196 0 0 22.0060290491 0 0 28.5714285714 0 24.2314647378 0 0 0 36.3636363636 26.4426125555 14.2857142857 0 0 0 14.2857142857 0 0 0 
2018-4-17 0 18.2922596321 0 20.0 0 22.6781857451 14.2857142857 0 0 0 0 0 23.0769230769 22.6406783394 0 19.2816635161 22.5225225225 0 0 0 23.829787234 0 0 0 12.5 0 16.25 0 23.6 0 0 18.8167053364 0 0 25.0 0 17.2706245181 11.1111111111 0 0 23.0769230769 20.1749734889 16.6666666667 0 0 0 0 0 25.0 0 
2018-4-18 0 15.0210716436 14.2857142857 10.0 0 16.0220994475 0 0 0 0 0 0 14.2857142857 17.841024224 0 15.6626506024 15.625 0 0 0 18.5454545455 0 0 0 0 0 11.8279569892 0 17.7419354839 0 0 16.953852248 0 0 11.1111111111 10.0 15.9383033419 33.3333333333 0 0 13.3333333333 15.4900616861 12.5 0 0 0 14.2857142857 0 0 0 
2018-4-19 0 11.4809960682 0 9.09090909091 0 13.1578947368 0 0 0 0 0 0 7.14285714286 13.8633964103 0 12.7995489146 11.8055555556 0 0 0 15.2820512821 0 0 0 16.6666666667 0 9.43396226415 0 9.94318181818 0 20.0 13.2479382348 0 0 16.6666666667 0 12.1329639889 0 0 20.0 0 14.0552995392 20.0 0 0 0 12.5 0 0 0 
2018-4-20 0 10.9773371105 22.2222222222 25.0 0 9.07668231612 0 0 0 0 0 0 16.6666666667 11.3843020295 0 11.0826064649 11.0429447853 0 0 0 10.8938547486 0 0 0 16.6666666667 0 10.0840336134 0 10.3359173127 14.2857142857 0 11.6275355375 0 0 7.69230769231 10.0 9.95542347697 0 0 0 5.55555555556 10.5890481949 0 0 0 0 0 0 12.5 0 
2018-4-21 0 10.0 12.5 0 0 10.7382550336 0 0 0 0 0 0 12.5 12.3095766669 0 10.3439011284 8.96551724138 0 0 0 11.876247505 0 0 0 0 0 7.27272727273 0 8.19209039548 0 20.0 11.2983151635 0 0 0 0 10.1058201058 11.1111111111 0 0 7.14285714286 9.84666543506 10.0 0 0 0 11.1111111111 0 0 0 
2018-4-22 0 9.97813012575 11.1111111111 0 0 9.71962616822 0 0 0 0 0 0 12.5 10.730070388 0 10.3907134768 12.030075188 0 0 0 14.2857142857 0 0 0 16.6666666667 0 10.4166666667 0 10.65830721 0 20.0 11.7506404782 20.0 0 10.0 0 8.26491516147 0 0 0 0 10.4927536232 0 0 0 0 12.5 0 0 0 
2018-4-23 0 11.8952760387 18.1818181818 11.1111111111 0 10.2127659574 16.6666666667 0 0 0 0 0 15.7894736842 10.7744107744 0 9.14932680539 7.89473684211 0 0 0 14.3149284254 0 25.0 0 0 0 9.09090909091 0 12.292358804 0 0 10.0740740741 0 0 0 0 9.25816023739 11.1111111111 0 0 28.5714285714 11.7937574081 12.5 0 0 0 25.0 0 0 0 
2018-4-24 0 9.11891558842 10.0 11.1111111111 0 14.479638009 0 0 0 0 0 0 5.55555555556 9.15513688549 0 9.53980517299 5.0 0 0 0 10.8379888268 0 0 0 33.3333333333 0 8.75 0 8.86524822695 0 0 10.6511254019 0 0 0 0 8.49933598938 0 0 0 0 10.3738923709 0 0 20.0 0 0 0 0 0 
2018-4-25 0 7.76664280601 20.0 12.5 0 14.479638009 0 0 0 0 0 0 5.88235294118 7.28476821192 0 11.030478955 5.06329113924 0 0 0 8.51581508516 0 0 0 16.6666666667 0 6.06060606061 0 6.63900414938 0 0 12.8941074147 0 0 0 0 5.7753164557 0 0 0 20.0 7.67344937485 12.5 0 0 0 14.2857142857 0 0 0 
2018-4-26 0 8.36012861736 11.1111111111 0 0 13.9689578714 0 0 0 0 20.0 0 0 7.42731156125 0 11.5953012505 5.79710144928 0 0 0 10.8312342569 0 0 0 0 0 6.66666666667 0 8.73362445415 0 0 14.0482695811 0 0 20.0 0 5.87121212121 0 0 0 6.66666666667 8.98314014752 0 0 0 0 0 0 0 0 
2018-4-27 0 16.5627435698 0 0 0 15.8898305085 0 0 0 0 20.0 0 35.7142857143 20.8383393405 0 15.3649635036 25.6756756757 0 0 0 14.3790849673 0 0 0 16.6666666667 0 19.1176470588 0 13.8075313808 0 0 18.1692732291 0 0 20.0 0 16.4233576642 0 0 0 23.5294117647 15.1672284159 12.5 0 0 0 0 0 10.0 0 
2018-4-28 0 16.2941893539 0 16.6666666667 0 10.6029106029 0 0 0 20.0 0 0 20.0 19.6696883149 0 11.1231101512 11.2676056338 0 0 0 16.8690958165 0 0 0 14.2857142857 0 10.1449275362 0 11.914893617 20.0 0 14.0106703781 0 0 0 0 12.4768946396 0 0 0 0 14.0408163265 12.5 0 0 0 0 0 0 0 
2018-4-29 0 7.86416443253 20.0 0 0 10.4033970276 0 0 0 0 0 0 0 7.24929520741 0 9.30147058824 12.1621621622 0 0 0 10.5485232068 0 0 0 0 0 10.2941176471 0 8.67579908676 20.0 0 11.0318592487 0 0 0 0 5.54994954591 14.2857142857 0 0 5.88235294118 7.34986555124 0 0 0 0 0 0 0 0 
2018-4-30 0 13.4662327095 27.2727272727 16.6666666667 0 9.09090909091 16.6666666667 0 0 0 0 0 9.09090909091 12.5015518312 0 9.41132358455 8.86075949367 0 0 0 13.1061598952 0 0 0 0 0 22.9885057471 0 9.58333333333 20.0 0 10.9806798728 0 0 0 0 8.63039399625 25.0 0 0 7.69230769231 12.4896608768 14.2857142857 0 0 0 0 0 9.09090909091 0 
2018-5-1 0 13.4579439252 0 16.6666666667 0 7.61670761671 0 0 0 20.0 0 0 0 11.8552646365 0 9.23954372624 10.5882352941 0 0 0 15.0366748166 0 0 0 14.2857142857 0 16.6666666667 0 12.927756654 0 0 13.0976095618 0 0 22.2222222222 0 13.6690647482 0 0 0 9.09090909091 11.7119493537 0 0 0 0 0 0 0 0 
2018-5-2 0 11.6855821774 16.6666666667 0 0 13.5064935065 0 0 0 0 0 0 23.0769230769 10.3312603122 0 12.3236514523 10.0 0 0 0 11.0115236876 0 0 0 16.6666666667 0 10.4166666667 0 6.25 20.0 0 14.1094420601 0 0 0 0 7.3967339097 12.5 0 0 0 10.3690685413 0 0 0 0 14.2857142857 0 0 0 
2018-5-3 0 21.8195836546 8.33333333333 20.0 0 13.2653061224 0 0 0 20.0 0 0 35.2941176471 18.1352593565 0 14.1997593261 14.2857142857 0 0 0 13.315926893 0 0 0 0 0 9.89010989011 0 18.0076628352 0 0 18.2584269663 0 0 10.0 0 17.1478565179 0 0 0 16.6666666667 16.8644769528 14.2857142857 0 0 0 25.0 0 0 0 
2018-5-4 0 15.3820148749 8.33333333333 0 0 11.3756613757 0 0 0 0 0 0 6.25 13.4424313267 0 11.8937644342 13.0952380952 0 0 0 10.8074534161 0 12.5 0 0 0 7.21649484536 0 12.1107266436 0 0 14.1703377386 0 0 10.0 0 10.9494640123 0 0 0 11.1111111111 12.3349115375 20.0 0 0 0 14.2857142857 0 0 0 
2018-5-5 0 8.37259876767 0 0 0 9.80926430518 0 0 0 0 20.0 0 12.5 9.26973198918 0 7.60563380282 1.33333333333 0 0 0 7.57575757576 0 0 0 33.3333333333 0 7.31707317073 0 7.60869565217 0 0 9.02160101652 0 0 0 0 6.24512099922 0 0 0 12.5 6.87379708551 20.0 0 0 0 14.2857142857 0 12.5 0 
2018-5-6 0 10.4190695886 0 20.0 0 8.54700854701 0 0 0 20.0 0 0 5.55555555556 12.5431672422 0 8.96805896806 13.5802469136 0 0 0 13.8345864662 0 0 0 0 0 16.8831168831 0 9.3023255814 0 0 10.6438213915 0 0 0 0 8.32610581093 0 0 0 0 8.71902060317 20.0 0 0 0 0 0 0 0 
2018-5-7 0 13.8539042821 0 20.0 0 8.55263157895 0 0 0 0 0 0 0 11.108386464 0 9.35622317597 9.75609756098 0 0 0 13.7048192771 0 0 0 0 0 12.3287671233 0 11.3553113553 0 33.3333333333 11.3319011815 0 0 7.69230769231 0 11.356466877 12.5 0 0 11.1111111111 12.3032069971 0 0 0 0 0 0 0 0 
2018-5-8 0 15.4116269996 0 0 0 12.5448028674 0 0 0 0 0 0 11.7647058824 15.5929629161 0 13.8222222222 16.6666666667 0 0 0 14.2180094787 0 0 0 28.5714285714 0 6.94444444444 0 11.4754098361 0 0 16.8148971651 0 0 8.33333333333 20.0 11.3556338028 0 0 0 18.1818181818 12.1172638436 0 0 0 0 16.6666666667 0 0 0 
2018-5-9 0 10.7476635514 0 16.6666666667 0 15.0735294118 28.5714285714 0 0 0 0 0 20.0 13.4851818299 0 11.223551058 14.2857142857 0 0 0 12.268907563 0 0 0 20.0 0 10.9375 0 10.480349345 0 0 14.6875 0 0 25.0 0 9.39278937381 0 0 0 0 11.407249467 0 0 0 0 0 0 0 0 
2018-5-10 0 16.5141113654 0 25.0 0 20.202020202 0 0 0 20.0 0 0 10.0 17.9117712259 0 14.4278606965 15.0537634409 0 0 0 20.8333333333 0 0 0 0 0 19.696969697 0 19.0839694656 0 0 17.0750580346 0 0 0 0 14.3790849673 14.2857142857 0 0 0 15.7339302846 20.0 0 0 0 0 0 16.6666666667 0 
2018-5-11 0 12.5728862974 0 0 0 16.975308642 16.6666666667 0 0 0 0 0 18.1818181818 13.3918066103 0 11.6223720746 18.1818181818 0 0 0 11.9341563786 0 0 0 9.09090909091 0 14.7540983607 0 11.8518518519 0 0 15.2206246901 0 0 9.09090909091 0 10.4740061162 14.2857142857 0 0 0 15.297532656 0 0 0 0 0 0 14.2857142857 0 
2018-5-12 0 13.571961223 0 12.5 0 12.6373626374 0 0 0 0 0 0 33.3333333333 13.836722779 0 11.7381489842 14.2857142857 0 0 0 11.3730929265 0 0 0 9.09090909091 0 17.4603174603 0 9.81132075472 0 16.6666666667 14.5726296123 0 0 0 0 10.8314263921 16.6666666667 0 0 0 12.734082397 0 0 0 0 0 0 12.5 0 
2018-5-13 0 13.058419244 0 0 0 11.0192837466 16.6666666667 0 0 0 0 0 37.5 11.958422382 0 9.72058244786 14.2857142857 0 0 0 14.8197596796 0 0 0 9.09090909091 0 15.7142857143 0 11.673151751 0 0 12.7695662709 0 0 9.09090909091 0 11.1027756939 37.5 0 0 0 13.3598635588 16.6666666667 0 0 0 0 0 0 0 
2018-5-14 0 15.8371040724 12.5 22.2222222222 0 10.8033240997 0 0 0 0 0 0 12.5 11.1153662039 0 11.4579217701 12.9032258065 0 0 0 12.1794871795 0 0 0 0 0 12.3287671233 0 10.9433962264 0 0 13.8735272902 0 0 15.3846153846 0 11.3924050633 30.0 0 0 8.33333333333 15.5457837558 16.6666666667 0 0 0 0 0 12.5 0 
2018-5-15 0 15.8917418459 40.0 0 0 12.5714285714 0 0 0 0 0 0 0 13.0029390899 0 12.9651860744 15.7480314961 0 0 0 12.893982808 0 14.2857142857 0 0 0 13.8888888889 0 15.953307393 0 0 15.1381755931 0 0 7.69230769231 0 12.3198847262 0 0 0 9.09090909091 13.1532441303 16.6666666667 0 0 0 20.0 0 0 0 
2018-5-16 0 13.0968622101 10.0 11.1111111111 0 15.1603498542 16.6666666667 0 0 0 0 0 12.5 12.8869107829 0 11.3116726835 13.9534883721 0 0 0 11.8571428571 0 0 0 9.09090909091 0 8.69565217391 0 12.015503876 0 0 15.3377225067 0 0 0 20.0 11.315417256 18.1818181818 0 0 8.33333333333 13.5018963338 0 0 20.0 0 0 0 0 0 
2018-5-17 0 9.41302791696 0 0 0 13.0990415335 0 0 0 20.0 0 0 12.5 9.72284309343 0 11.1814345992 6.89655172414 0 0 0 12.1776504298 0 0 0 0 0 8.82352941176 0 11.320754717 0 0 12.7105666156 0 0 0 20.0 7.31889469754 0 0 0 0 9.65805272775 16.6666666667 0 0 0 20.0 0 14.2857142857 0 
2018-5-18 0 14.2244460329 0 0 0 18.5840707965 0 0 0 0 0 0 28.5714285714 14.8922129344 0 13.5722915828 18.4210526316 0 0 0 12.4444444444 0 0 0 22.2222222222 0 15.3846153846 0 14.0794223827 0 0 16.4864864865 0 0 16.6666666667 0 10.3527607362 0 0 0 8.33333333333 13.5427394439 25.0 0 0 0 0 0 14.2857142857 0 
2018-5-19 0 14.9343339587 0 0 0 16.3978494624 0 0 0 0 0 0 23.5294117647 16.2195246353 0 12.8468263018 11.4035087719 0 0 0 13.8032305433 0 0 0 11.1111111111 0 15.4929577465 0 13.698630137 0 0 15.3206650831 0 0 9.09090909091 20.0 11.7601844735 0 0 0 20.0 14.873164219 14.2857142857 0 0 0 0 0 0 0 
2018-5-20 0 12.5974558884 0 0 0 11.8598382749 0 0 0 0 0 0 5.88235294118 11.1180382377 0 10.3218210361 3.0 0 0 0 12.9221732746 0 0 0 0 0 11.2676056338 0 8.79120879121 0 0 12.1787172712 0 0 0 0 8.3119108826 12.5 0 0 0 11.7039586919 0 0 0 0 0 0 0 0 
2018-5-21 0 16.9779991698 9.09090909091 14.2857142857 0 18.6397984887 0 0 0 0 0 0 0 14.0676229508 0 12.6503686457 16.4948453608 0 0 0 15.5937052933 0 0 0 0 0 15.1898734177 0 15.0 0 0 13.4010643445 0 0 11.1111111111 0 14.0275387263 0 0.322580645161 0 30.0 15.6845499853 25.0 0 0 0 20.0 0 0 0 
2018-5-22 0 13.9331210191 16.6666666667 0 0 11.6788321168 0 0 0 0 0 0 11.7647058824 9.68847666095 0 9.53497459945 11.7647058824 0 0 0 12.9261363636 0 0 0 12.5 0 10.2564102564 0 10.8303249097 0 0 12.4850799714 0 0 11.1111111111 0 10.0743187448 14.2857142857 0 0 11.1111111111 15.3115395362 0 0 0 0 0 0 0 0 
2018-5-23 0 8.61839182586 10.0 16.6666666667 0 9.45945945946 0 0 0 0 0 0 7.14285714286 5.91298310576 0 8.00681431005 10.3448275862 0 0 0 7.88253477589 0 0 0 0 0 11.1111111111 0 3.40425531915 0 16.6666666667 11.1913357401 0 0 0 20.0 5.19480519481 0 0 0 20.0 8.63536085723 0 0 0 0 0 0 0 0 
2018-5-24 0 13.2887189293 0 0 0 9.48012232416 16.6666666667 0 0 0 0 0 0 9.00500277932 0 10.108644308 9.87654320988 0 0 0 11.4566284779 0 0 0 0 0 11.9402985075 0 9.13461538462 0 0 12.4688968759 0 0 0 0 7.83261802575 0 0 0 11.1111111111 12.3803009576 0 0 0 0 0 0 14.2857142857 0 
2018-5-25 0 9.46291560102 11.1111111111 16.6666666667 0 15.7575757576 0 0 0 0 0 0 15.3846153846 9.6241979835 0 10.8308605341 5.88235294118 0 0 0 10.3146853147 0 0 0 0 0 10.9375 0 13.2352941176 0 0 11.8848920863 0 0 14.2857142857 0 7.30858468677 0 0 0 11.1111111111 10.9213802917 0 0 0 0 0 0 0 0 
2018-5-26 0 11.8436406068 10.0 0 0 10.8391608392 0 0 0 0 0 0 11.1111111111 15.4229711142 0 13.5378106822 10.6666666667 0 0 0 12.927756654 0 0 0 0 0 11.1111111111 0 13.7362637363 0 0 12.9177958446 0 0 0 20.0 11.4845938375 0 0 0 14.2857142857 12.8855915658 0 0 0 0 0 0 0 0 
2018-5-27 0 10.0069013112 12.5 0 0 9.88593155894 0 0 0 0 0 0 20.0 9.43987465727 0 9.30104567969 3.22580645161 0 0 0 10.6918238994 0 0 0 0 0 4.34782608696 0 12.1794871795 0 0 12.1383647799 0 0 0 0 10.4529616725 0 0 0 25.0 11.3994439296 0 0 0 0 0 0 0 0 
2018-5-28 0 16.3331181407 12.5 0 0 14.2857142857 0 0 0 0 0 0 11.1111111111 12.5 0 10.5519480519 16.1290322581 0 0 0 13.2530120482 0 0 0 0 0 12.0 0 17.1270718232 0 0 12.4570714955 0 0 14.2857142857 0 13.4920634921 0 0 0 14.2857142857 15.8276450512 0 0 0 0 0 0 14.2857142857 0 
2018-5-29 0 14.6960587842 0 0 0 13.503649635 0 0 0 0 0 0 10.0 11.4360216055 0 11.550802139 9.83606557377 0 0 0 14.7792706334 0 0 0 0 0 7.14285714286 0 10.9826589595 0 0 12.7503974563 0 0 16.6666666667 0 14.0458015267 0 0 0 14.2857142857 14.3104943625 0 0 0 0 0 0 28.5714285714 0 
2018-5-30 0 14.5233525272 14.2857142857 0 0 13.28125 0 0 0 20.0 0 0 27.2727272727 13.3174574098 0 10.8832807571 16.1290322581 0 0 0 15.2727272727 0 0 0 0 0 14.2857142857 0 18.085106383 0 0 13.4688691233 0 0 0 0 12.1776504298 16.6666666667 0 0 0 14.3717728055 16.6666666667 0 0 0 0 0 14.2857142857 0 
2018-5-31 0 14.4368388301 14.2857142857 0 0 18.2130584192 0 0 0 0 0 0 29.4117647059 16.4793328499 0 11.8461538462 13.3333333333 0 0 0 16.6377816291 0 0 0 14.2857142857 0 27.2727272727 0 11.8556701031 0 0 14.8102053516 0 0 0 0 15.7552083333 0 0 0 16.6666666667 16.8231931401 16.6666666667 0 0 0 0 0 0 0 
2018-6-1 0 14.2454954955 0 20.0 0 14.657980456 0 0 0 0 0 0 5.88235294118 15.8780565259 0 11.5649606299 5.0 0 0 0 11.5 0 0 0 0 0 10.0 0 10.9523809524 0 0 14.468211527 0 0 33.3333333333 0 12.0048019208 0 0 0 0 13.7839879154 0 0 0 0 20.0 0 0 0 
2018-6-2 0 12.4928036845 0 0 0 10.9375 0 0 0 0 0 0 0 16.0105370994 0 11.5273775216 22.3880597015 0 0 0 11.8892508143 0 0 0 14.2857142857 0 15.3846153846 0 10.3773584906 0 0 12.4600638978 0 0 16.6666666667 16.6666666667 11.7291414752 0 0 0 33.3333333333 12.8205128205 0 0 0 0 0 0 0 0 
2018-6-3 0 15.0912106136 0 0 0 11.6352201258 0 0 0 0 0 0 11.1111111111 12.4914301385 0 11.1111111111 6.25 0 0 0 13.6585365854 0 0 0 0 0 10.5263157895 0 13.7168141593 0 0 11.8267312625 0 0 0 0 11.9904076739 0 0.404858299595 0 16.6666666667 15.1335311573 28.5714285714 0 0 0 16.6666666667 0 16.6666666667 0 
2018-6-4 0 15.3284671533 0 0 0 11.821086262 0 0 0 0 0 0 12.5 12.8205128205 0 12.4760994264 13.0434782609 0 0 0 13.2587859425 0 0 0 28.5714285714 0 12.0689655172 0 13.7777777778 0 0 12.6808510638 0 0 0 0 14.7191011236 0 0 0 7.14285714286 17.1880255634 0 0 0 0 0 0 14.2857142857 0 
2018-6-5 0 16.3314176245 0 20.0 0 17.0648464164 0 0 0 20.0 0 0 18.1818181818 14.920674893 0 12.9109099571 11.6883116883 0 0 0 16.6666666667 0 0 0 14.2857142857 0 8.92857142857 0 12.8318584071 0 0 15.5537235504 0 0 9.09090909091 16.6666666667 16.5245202559 0 0 0 13.3333333333 15.968 0 0 0 0 0 0 14.2857142857 0 
2018-6-6 0 12.4821343497 0 20.0 0 19.2926045016 0 0 0 20.0 0 0 30.7692307692 13.9980232271 0 13.4738771769 7.05882352941 0 0 0 14.328358209 0 0 0 14.2857142857 0 7.01754385965 0 11.3122171946 0 0 14.5444566411 0 0 8.33333333333 0 11.7708333333 0 0 0 10.5263157895 14.4744929318 0 0 0 0 0 0 0 0 
2018-6-7 0 13.0335016062 16.6666666667 20.0 0 12.5 20.0 0 0 0 0 0 0 13.6425988278 0 12.1584699454 10.1265822785 0 0 0 12.6656848306 0 0 0 0 0 8.92857142857 0 11.5207373272 0 0 14.072262972 0 0 20.0 0 9.14826498423 0 0 0 6.25 12.3008849558 28.5714285714 0 0 0 16.6666666667 0 11.1111111111 0 
2018-6-8 0 13.0832570906 0 50.0 0 13.5802469136 20.0 0 0 0 0 0 37.5 15.7573624311 0 12.2768828907 5.19480519481 0 0 0 16.5487977369 0 0 0 28.5714285714 0 13.5593220339 0 14.9122807018 0 0 15.1291512915 0 0 0 0 12.5888324873 0 0 0 0 13.4837962963 0 0 0 0 0 0 11.1111111111 0 
2018-6-9 0 10.6814886419 16.6666666667 0 0 11.2462006079 0 0 0 0 0 0 6.66666666667 12.5751271382 0 11.0236220472 14.8648648649 0 0 0 10.8345534407 0 14.2857142857 0 0 0 15.625 0 9.34579439252 0 0 12.6649076517 0 0 14.2857142857 0 11.7277486911 0 0 0 23.5294117647 11.6121062384 11.1111111111 0 0 0 0 0 11.1111111111 0 
2018-6-10 0 7.66590389016 20.0 0 0 10.2236421725 0 0 0 0 0 0 12.5 6.78947368421 0 8.89096864764 9.67741935484 0 0 0 9.29853181077 0 0 0 0 0 7.93650793651 0 6.01092896175 0 0 10.6273274133 0 0 0 0 7.20606826802 0 0 0 5.88235294118 7.93311988616 12.5 0 0 0 0 0 14.2857142857 0 
2018-6-11 0 9.98719590269 0 0 0 11.3879003559 0 0 0 0 0 0 7.69230769231 6.6870696251 0 8.05860805861 14.2857142857 0 0 0 7.4144486692 0 0 0 16.6666666667 0 10.3448275862 0 11.2994350282 0 0 10.1785155027 0 0 14.2857142857 0 9.3837535014 16.6666666667 0 0 7.69230769231 9.83935742972 12.5 0 0 0 0 0 14.2857142857 0 
2018-6-12 0 17.6853055917 20.0 0 0 14.6757679181 0 0 0 0 0 0 13.3333333333 14.0279583875 0 11.9936034115 13.3333333333 0 0 0 16.7953667954 0 0 0 14.2857142857 0 10.1694915254 0 13.8888888889 0 0 14.6215780998 0 0 12.5 16.6666666667 15.8647594278 0 0 0 18.75 15.7655798597 0 0 0 0 0 0 0 0 
2018-6-13 0 17.2229639519 16.6666666667 11.1111111111 0 17.9310344828 0 0 0 0 0 0 23.0769230769 19.2341941229 0 15.11375948 13.4328358209 0 0 0 19.7095435685 0 0 0 25.0 0 13.7931034483 0 21.0843373494 0 0 19.267822736 0 0 22.2222222222 0 17.7691309987 0 0 0 0 18.2276354473 14.2857142857 0 0 0 0 0 0 0 
2018-6-14 0 16.5205664194 16.6666666667 11.1111111111 0 14.3333333333 0 0 0 0 0 0 14.2857142857 18.6383298853 0 14.4849785408 14.7058823529 0 0 0 15.734989648 0 0 0 0 0 12.962962963 0 19.0751445087 0 0 17.8155492603 0 0 11.1111111111 16.6666666667 16.0714285714 0 0 0 12.5 14.7631133672 14.2857142857 0 0 0 0 0 20.0 0 
2018-6-15 0 15.8090514569 0 0 0 13.8364779874 0 0 0 0 0 0 15.3846153846 18.7233344273 0 12.7450980392 14.8648648649 0 0 0 17.9104477612 0 0 0 12.5 0 19.6721311475 0 18.0904522613 0 0 15.9077109897 0 0 10.0 0 11.9677790564 0 0 0 16.6666666667 13.8330757342 20.0 0 0 16.6666666667 16.6666666667 0 0 0 
2018-6-16 0 13.4443783462 0 0 0 13.5135135135 0 0 0 0 0 0 18.75 16.5685570711 0 12.8816793893 17.7215189873 0 0 0 13.3671742809 0 14.2857142857 0 14.2857142857 0 4.61538461538 0 15.7142857143 0 0 15.8028169014 0 0 10.0 0 10.8953613808 0 0 0 15.3846153846 12.8214415067 0 0 0 0 16.6666666667 0 0 0 
2018-6-17 0 14.9875621891 0 0 0 12.6126126126 0 0 0 20.0 0 0 18.75 16.1411010155 0 13.1996268657 10.843373494 0 0 0 14.4578313253 0 0 0 25.0 0 9.67741935484 0 13.1455399061 0 0 14.9339933993 0 0 20.0 0 15.6348373557 0 0 0 15.3846153846 13.5802469136 42.8571428571 0 0 0 16.6666666667 0 33.3333333333 0 
2018-6-18 0 15.7289002558 0 0 0 8.94039735099 0 0 0 0 0 0 21.4285714286 12.3924033338 0 10.3718199609 5.12820512821 0 0 0 13.6524822695 0 0 0 0 0 5.35714285714 0 14.6118721461 0 0 12.3638504563 0 0 27.2727272727 0 13.9630390144 20.0 0 0 10.0 15.5417730755 14.2857142857 0 0 0 0 0 0 0 
2018-6-19 0 15.5835962145 0 0 0 14.2857142857 0 0 0 0 0 0 23.5294117647 17.2409359733 0 13.9716658525 16.6666666667 0 0 0 15.371024735 0 0 0 14.2857142857 0 15.5172413793 0 15.2073732719 0 0 16.8164685416 0 0 0 0 12.9702970297 0 0 0 16.6666666667 14.1856392294 14.2857142857 0 0 0 0 0 0 0 
2018-6-20 0 9.96587030717 0 0 0 13.9931740614 0 0 0 0 0 0 0 12.5551544324 0 12.7764127764 10.8108108108 0 0 0 12.0982986767 0 0 0 14.2857142857 0 7.8431372549 0 8.73786407767 0 0 13.9976958525 0 0 0 0 8.1799591002 0 0 0 0 10.3235187205 22.2222222222 0 0 0 0 0 0 0 
2018-6-21 0 9.57602339181 16.6666666667 20.0 0 12.8113879004 0 0 0 0 0 0 13.3333333333 8.42152332687 0 11.8644067797 9.83606557377 0 0 0 9.41422594142 0 0 0 0 0 0 0 11.4427860697 0 0 11.8649224217 0 0 0 0 6.79079956188 0 0 0 8.33333333333 8.88015717092 0 0 0 0 0 0 0 0 
2018-6-22 0 17.896274653 0 0 0 20.0704225352 0 0 0 0 0 0 0 18.0929095355 0 15.8555729984 11.2903225806 0 0 0 21.2180746562 0 0 0 0 0 21.4285714286 0 15.5660377358 20.0 0 15.2616734566 0 0 9.09090909091 0 15.6950672646 0 0 0 23.0769230769 16.9014084507 0 0 0 0 16.6666666667 0 16.6666666667 0 
2018-6-23 0 12.8878281623 0 0 0 7.32600732601 0 0 0 0 0 0 9.09090909091 10.9580262736 0 11.2184648417 3.57142857143 0 0 0 11.9658119658 0 0 0 14.2857142857 0 12.1951219512 0 12.8712871287 0 0 10.2831109665 0 0 8.33333333333 0 10.7055961071 0 20.0 0 0 11.6067740603 0 0 0 0 0 0 16.6666666667 0 
2018-6-24 0 16.6807076664 16.6666666667 0 0 13.9534883721 0 0 0 0 0 0 45.4545454545 17.5050301811 0 13.6235161108 18.5185185185 0 0 0 18.6836518047 0 0 0 12.5 0 15.7894736842 0 15.6097560976 0 0 14.1870900932 0 0 0 0 15.1819322459 20.0 0 0 0 14.0273489193 11.1111111111 0 0 0 0 0 22.2222222222 0 
2018-6-25 0 17.5790285274 0 25.0 0 19.1011235955 0 0 0 0 0 0 10.0 18.3751190098 0 16.2738496072 20.6896551724 0 0 0 17.6938369781 0 0 0 12.5 0 17.1428571429 0 16.5919282511 0 0 16.1144053017 0 0 9.09090909091 0 16.2921348315 0 0 0 21.4285714286 18.1342983514 14.2857142857 0 0 0 0 0 11.1111111111 0 
2018-6-26 0 15.7932519742 20.0 0 0 16.9064748201 0 0 0 0 0 0 11.1111111111 14.8340548341 0 17.2431865828 21.6216216216 0 0 0 14.1577060932 0 0 0 12.5 0 18.6046511628 0 14.0425531915 0 0 16.5794637018 0 0 0 0 11.3285272915 0 0 0 0 13.8007380074 33.3333333333 0 0 0 0 0 11.1111111111 0 
2018-6-27 0 13.4570765661 20.0 11.1111111111 0 19.8581560284 0 0 0 0 0 0 10.0 11.1356119074 0 13.7634408602 17.3333333333 0 0 0 10.4294478528 0 0 0 14.2857142857 0 20.0 0 10.0 0 0 13.6104592692 0 0 0 0 7.29166666667 0 0 0 13.3333333333 10.886280858 0 0 0 0 0 0 0 0 
2018-6-28 0 10.8608205953 20.0 10.0 0 13.4615384615 20.0 0 0 0 0 0 0 6.39347049821 0 14.1606591143 9.87654320988 0 0 0 11.2244897959 0 0 0 0 0 8.69565217391 0 7.65306122449 0 0 15.0646076269 0 0 0 0 4.27461139896 0 0 0 0 9.54583683768 11.1111111111 0 0 0 0 0 0 0 
2018-6-29 0 13.3959044369 0 0 0 15.3374233129 0 0 0 0 0 0 10.0 10.1560956333 0 15.7213930348 5.47945205479 0 0 0 10.8597285068 0 0 0 0 0 26.0 0 11.1731843575 0 0 14.3347907558 0 0 28.5714285714 0 6.50154798762 0 0 0 20.0 12.3734037869 12.5 0 0 0 0 0 20.0 0 
2018-6-30 0 16.5427509294 20.0 0 0 13.2911392405 0 0 0 0 0 0 14.2857142857 20.0677392041 0 14.2645607108 12.3287671233 0 0 0 16.9154228856 0 0 0 0 0 17.5438596491 14.2857142857 18.1818181818 0 0 14.096499527 0 0 12.5 0 16.9090909091 16.6666666667 0 0 31.25 18.0141843972 12.5 0 0 20.0 0 0 10.0 0 
2018-7-1 0 17.7450980392 33.3333333333 18.1818181818 0 10.4234527687 0 0 0 0 0 0 14.2857142857 17.6322418136 0 11.1286089239 5.35714285714 0 0 0 18.5483870968 0 0 0 0 0 9.09090909091 0 17.6829268293 0 0 12.909632572 0 0 25.0 0 17.8431372549 16.6666666667 0 0 6.66666666667 18.7530682376 0 0 0 0 16.6666666667 0 25.0 0 
2018-7-2 0 20.6611570248 28.5714285714 0 0 13.7931034483 0 0 0 16.6666666667 0 0 25.0 20.0818789054 0 12.8707627119 14.8148148148 0 0 0 20.2469135802 0 0 0 0 0 13.7254901961 0 17.1428571429 0 0 13.5348226018 0 0 0 16.6666666667 16.7548500882 28.5714285714 0 0 7.14285714286 20.0817810086 12.5 0 0 0 0 0 14.2857142857 0 
2018-7-3 0 15.1855047455 0 0 0 13.986013986 0 0 0 0 0 0 0 18.2529572338 0 13.6217948718 15.7894736842 0 0 0 14.5199063232 0 0 0 0 0 4.08163265306 0 9.94475138122 0 0 13.9341536415 0 0 0 0 13.2192846034 12.5 0 0 14.2857142857 15.595942519 0 0 0 0 16.6666666667 0 0 0 
2018-7-4 0 12.7147766323 0 0 0 16.4874551971 0 0 0 0 0 0 0 12.4783362218 0 13.1680440771 13.6363636364 0 0 0 10.9302325581 0 16.6666666667 0 0 0 2.5641025641 0 8.98876404494 0 0 13.3333333333 0 0 0 0 9.94152046784 0 0 0 0 13.4050475796 0 0 0 0 0 0 0 0 
2018-7-5 0 20.78125 14.2857142857 18.1818181818 0 16.7272727273 0 0 0 28.5714285714 0 0 12.5 17.4361576188 0 16.7216721672 6.66666666667 0 0 0 18.3035714286 0 0 0 0 0 36.5853658537 0 22.3404255319 0 0 15.3611393693 0 0 30.0 0 18.1347150259 0 0 0 16.6666666667 21.0648148148 16.6666666667 0 0 0 16.6666666667 0 16.6666666667 0 
2018-7-6 0 16.8656716418 0 9.09090909091 0 14.1791044776 0 0 0 0 0 0 30.0 15.3871072238 0 14.5532370251 5.71428571429 0 0 0 19.381443299 0 0 0 20.0 0 20.4081632653 0 12.9533678756 0 0 15.9105851414 0 0 11.1111111111 0 14.5499383477 14.2857142857 0 0 12.5 15.726109857 0 0 0 0 0 0 0 0 
2018-7-7 0 11.1922141119 14.2857142857 20.0 0 9.58333333333 0 0 0 14.2857142857 0 0 20.0 9.74576271186 0 8.18915801615 7.57575757576 0 0 0 10.8597285068 0 0 0 0 0 10.8695652174 0 7.47126436782 0 0 8.8350552191 0 0 0 0 7.15231788079 12.5 0 20.0 0 9.03741067675 16.6666666667 0 0 0 0 0 16.6666666667 0 
2018-7-8 0 12.730318258 0 0 0 12.3287671233 0 0 0 14.2857142857 0 0 10.0 16.1343012704 0 12.6110124334 12.6984126984 0 0 0 12.8805620609 0 0 0 0 0 14.8148148148 0 11.1764705882 0 0 13.0322102925 0 0 0 0 10.5121293801 0 0 0 14.2857142857 14.1370338248 16.6666666667 0 0 0 0 0 0 0 
2018-7-9 0 13.9934533552 14.2857142857 0 0 17.7884615385 0 0 0 0 0 0 20.0 13.9111824505 0 12.9539951574 10.1694915254 0 0 0 13.6054421769 0 16.6666666667 0 33.3333333333 0 5.66037735849 0 12.3595505618 0 0 14.4310474755 0 0 0 0 11.9266055046 0 0 0 0 14.6562905318 0 0 0 20.0 0 0 0 0 
2018-7-10 0 19.4750211685 0 0 0 19.696969697 20.0 0 0 0 0 0 20.0 19.8490698491 0 17.6256814052 26.582278481 0 0 0 19.8177676538 0 0 0 25.0 0 16.6666666667 0 16.0256410256 0 0 18.0126535169 0 0 12.5 16.6666666667 15.0760719225 0 0 0 0 20.5573321151 0 7.69230769231 0 0 0 0 0 0 
2018-7-11 0 17.262423714 14.2857142857 0 0 19.387755102 0 0 0 0 0 0 30.0 18.6034392913 0 15.598027127 14.6341463415 0 0 0 22.6244343891 0 0 0 12.5 0 20.9302325581 16.6666666667 20.0 0 0 16.6922486569 0 0 25.0 16.6666666667 19.8910081744 0 0 0 27.2727272727 20.3382084095 0 0 0 0 0 0 0 0 
2018-7-12 0 2.08333333333 0 0 0 3.95480225989 0 0 0 0 0 0 0 2.57494235204 0 4.56651224355 7.5 0 0 0 3.27455919395 0 0 0 0 0 2.63157894737 0 3.73134328358 0 0 4.78547854785 0 0 0 0 1.08024691358 0 0 0 0 3.06686777275 0 0 0 0 0 0 0 0 
2018-7-13 0 0.243902439024 16.6666666667 0 0 3.33333333333 0 0 0 0 0 0 0 0 0 1.9512195122 10.843373494 0 0 0 0 0 0 0 0 0 3.84615384615 0 1.8018018018 0 0 2.28741919443 0 0 0 0 0 0 0 0 0 1.72201722017 0 0 0 0 0 0 0 0 
2018-7-14 0 0.167504187605 0 0 0 3.63636363636 0 0 0 0 0 0 0 0.133422281521 0 1.38888888889 8.53658536585 0 0 0 0 0 0 0 0 0 0 0 0 0 0 2.12082262211 0 0 0 0 0 0 0 0 0 1.7004048583 0 0 0 0 0 0 0 0 
2018-7-15 0 0.332225913621 0 0 0 1.47058823529 0 0 0 0 0 0 0 0.0650618087183 0 2.22222222222 12.1212121212 0 0 0 0 0 0 0 0 0 0 20.0 0 0 20.0 3.47368421053 0 0 0 0 0 0 0 0 0 5.81867388363 0 0 0 0 0 0 0 0 
2018-7-16 0 0 0 0 0 3.7037037037 0 0 0 0 0 0 0 0.534759358289 0 4.9504950495 7.14285714286 0 0 0 4.7619047619 0 0 0 0 0 16.6666666667 0 2.22222222222 0 0 5.26315789474 0 0 0 0 0 0 0 0 0 11.8577075099 0 0 0 0 0 0 0 0 
2018-7-17 0 6.25 0 0 0 10.0 0 0 0 0 0 0 0 10.0 0 4.34782608696 9.25925925926 0 0 0 0 0 0 0 0 0 0 0 15.3846153846 0 0 5.51181102362 0 0 0 0 0 0 0 0 0 9.95024875622 0 0 0 0 0 0 0 0 
2018-7-18 0 0 0 0 0 7.14285714286 0 0 0 16.6666666667 0 0 0 0 0 4.7619047619 16.9811320755 0 0 0 12.5 0 0 0 0 0 0 0 20.0 0 20.0 6.03015075377 0 0 0 0 0 0 0 0 0 17.7033492823 0 0 0 0 0 0 0 0 
2018-7-19 0 15.3846153846 0 0 0 9.09090909091 0 0 0 0 0 0 0 11.1111111111 0 8.82352941176 18.9655172414 0 0 0 0 0 0 0 0 0 0 0 0 0 0 11.2426035503 0 0 0 0 0 0 0 0 0 12.0930232558 0 0 0 0 0 0 0 0 
2018-7-20 0 9.09090909091 0 0 0 20.0 0 0 0 0 0 0 0 0 0 12.2807017544 12.2807017544 0 0 0 12.5 0 0 0 0 0 16.6666666667 0 0 0 0 5.69105691057 0 0 0 0 0 0 0 0 0 13.2653061224 0 0 0 0 0 0 0 0 
2018-7-21 0 14.2857142857 16.6666666667 0 0 0 0 0 0 0 0 0 0 0 0 7.54716981132 9.09090909091 0 0 0 0 0 0 0 0 0 0 0 0 0 0 13.9130434783 0 0 0 0 0 0 0 0 0 13.9037433155 0 0 0 0 0 0 0 0 
2018-7-22 0 0 0 0 0 0 0 0 0 0 0 0 0 0 0 10.2040816327 16.4179104478 0 0 0 30.0 0 0 0 0 0 16.6666666667 20.0 0 0 0 11.214953271 0 0 0 0 0 0 0 0 0 23.4782608696 0 0 0 0 0 0 0 0 
2018-7-23 0 16.6666666667 0 0 0 12.5 20.0 0 0 0 0 0 0 28.5714285714 0 6.3829787234 15.4929577465 0 0 0 0 0 0 0 0 0 0 0 0 0 0 8.0 0 0 0 0 0 0 0 0 0 18.2926829268 0 0 0 0 0 0 0 0 
2018-7-24 0 0 0 0 0 33.3333333333 0 0 0 0 0 0 0 0 0 16.6666666667 23.8636363636 0 0 0 10.0 0 0 0 0 0 0 20.0 0 0 0 12.3595505618 0 0 0 0 0.190839694656 0 0 0 0 20.2702702703 0 0 0 0 0 0 0 0 
2018-7-25 0 0 0 0 0 11.1111111111 0 0 0 20.0 0 0 0 0 0 11.3636363636 12.2448979592 0 0 0 0 0 0 0 0 0 0 20.0 11.1111111111 0 16.6666666667 7.14285714286 0 0 0 0 0 0 0 0 0 16.6666666667 0 0 0 0 0 0 0 0 
2018-7-26 0 20.0 0 0 0 10.0 0 0 0 0 0 0 0 0 0 5.88235294118 11.7117117117 0 0 0 12.5 0 0 0 0 0 0 20.0 0 0 0 13.1578947368 0 0 0 0 0 0 0 0 0 13.6 0 0 0 0 0 0 0 0 
2018-7-27 0 16.6666666667 0 0 0 0 0 0 0 0 0 0 11.1111111111 0 0 12.5 9.90990990991 0 0 0 22.2222222222 0 0 0 0 0 0 0 11.1111111111 0 0 15.2777777778 0 0 0 0 0 0 0 0 0 11.2637362637 0 0 0 0 0 0 0 0 
2018-7-28 0 14.2857142857 0 0 0 0 0 0 0 0 0 0 0 16.6666666667 0 9.67741935484 6.48148148148 0 0 0 0 0 0 0 0 0 0 0 14.2857142857 0 0 14.4927536232 0 0 0 0 0 0 0 0 0 10.632183908 0 0 0 0 0 0 0 0 
2018-7-29 0 25.0 0 0 0 0 0 0 0 20.0 0 0 0 16.6666666667 0 14.2857142857 12.2222222222 0 0 0 16.6666666667 0 0 0 0 0 0 0 0 0 0 10.9375 0 0 0 0 0 0 0 0 0 9.80392156863 0 0 0 0 0 0 0 0 
2018-7-30 0 0 0 0 0 0 0 0 0 0 0 0 0 0 0 0 0 0 0 0 0 0 0 0 0 0 0 0 0 0 0 0 0 0 0 0 0 0 0 0 0 0 0 0 0 0 0 0 0 0 
2018-7-31 0 0 0 0 0 0 0 0 0 0 0 0 0 0 0 0 0 0 0 0 0 0 0 0 0 0 0 0 0 0 0 0 0 0 0 0 0 0 0 0 0 0 0 0 0 0 0 0 0 0 
