Browser 2_Crosswalk 3_Chrome 4_SeaMonkey 5_Maxthon 6_AppEngine-Google 7_Firefox_Mobile 8_Other 9_Apple_Mail 10_QQ_Browser 11_Android 12_QQ_Browser_Mobile 13_BlackBerry_WebKit 14_Mobile_Safari_UI/WKWebView 15_Mobile_Safari 16_Mail.ru_Chromium_Browser 17_Samsung_Internet 18_Chrome_Mobile_WebView 19_Electron 20_Facebook 21_Sogou_Explorer 22_Safari 23_IE_Mobile 24_Pale_Moon 25_Netscape 26_Chrome_Mobile_iOS 27_Konqueror 28_Amazon_Silk 29_UC_Browser 30_Opera 31_HeadlessChrome 32_Thunderbird 33_Chrome_Mobile 34_Dragon 35_Edge_Mobile 36_Opera_Mobile 37_Puffin 38_Edge 39_Iron 40_IE 41_MobileIron 42_Vivaldi 43_Firefox 44_Yandex_Browser 45_Coc_Coc 46_Seznam_prohle 47_Opera_Neon 48_Firefox_iOS 49_ThunderBrowse 50_Chromium 51_QupZilla 
2017-11-21 0 2.60869565217 0 0 0 0 0 0 0 0 0 0 0 4.54545454545 0 0 0 0 0 0 33.3333333333 0 0 0 0 0 0 0 0 0 0 3.84615384615 0 0 0 0 0 0 0 0 0 9.09090909091 0 0 0 0 0 0 0 0 
2017-11-22 0 12.1912350598 0 15.3846153846 0 1.91082802548 0 0 0 0 0 50.0 16.6666666667 6.31170662906 0 4.80863591757 1.96078431373 0 20.0 0 31.2684365782 0 0 0 33.3333333333 0 0 50.0 7.38636363636 0 0 7.77777777778 0 7.69230769231 5.26315789474 0 2.24403927069 0 2.85285285285 0 16.6666666667 7.34463276836 0 16.6666666667 0 0 0 0 22.2222222222 0 
2017-11-23 0 9.26630434783 0 0 0 4.77815699659 0 0 0 2.5641025641 0 0 7.14285714286 6.63430420712 0 6.40841702535 8.51063829787 0 0 25.0 16.1698956781 0 0 0 25.0 0 11.6279069767 0 6.02409638554 0 0 7.62155059133 0 14.2857142857 7.5 0 3.52480417755 0 2.64072272411 0 6.25 5.52380952381 5.88235294118 0 0 0 0 0 9.09090909091 0 
2017-11-24 0 5.84379615953 17.6470588235 8.0 0 8.28157349896 25.0 0 0 6.06060606061 0 16.6666666667 5.26315789474 7.89400018662 0 6.82205798749 6.08108108108 0 14.2857142857 0 12.6582278481 8.69565217391 0 0 7.14285714286 0 5.6338028169 0 8.02469135802 0 0 7.78909526663 0 9.25925925926 8.47457627119 0 3.26797385621 0 3.24786324786 0 13.6363636364 5.28908999497 10.0 0 0 0 0 0 3.0303030303 0 
2017-11-25 0 2.73464131505 4.7619047619 6.66666666667 0 5.07246376812 0 0 0 4.41988950276 0 0 3.84615384615 5.17193566278 0 4.03346921262 5.29100529101 0 14.8148148148 0 8.40058694057 5.88235294118 0 0 0 0 4.16666666667 33.3333333333 3.67892976589 0 0 5.26236429433 0 4.22535211268 5.88235294118 0 2.06677265501 0 2.13371266003 0 6.25 3.30387707985 5.12820512821 3.84615384615 0 0 0 0 7.5 0 
2017-11-26 0 2.58230711234 4.34782608696 5.40540540541 0 5.64430244941 14.2857142857 0 0 4.13223140496 0 0 6.66666666667 5.40342809365 0 4.88431876607 6.27177700348 0 3.44827586207 0 7.80388743835 8.51063829787 0 0 4.54545454545 0 0.813008130081 0 3.60480640854 0 0 6.03837471783 0 3.40909090909 5.1724137931 0 1.73889780631 0 1.73720783323 0 0 3.33969465649 4.25531914894 0 100.0 0 0 0 0 0 
2017-11-27 0 4.09781890284 7.40740740741 4.54545454545 0 4.3204320432 0 0 0 3.48432055749 0 7.14285714286 0 4.42778390298 0 3.89803075263 3.97727272727 0 0 0 7.0752484619 3.38983050847 0 0 14.2857142857 0 1.42857142857 10.0 3.73134328358 0 0 4.8743335872 0 3.80952380952 3.54609929078 0 2.48624862486 5.55555555556 2.14761787213 50.0 0 3.83963862225 3.50877192982 0 0 0 0 0 1.72413793103 0 
2017-11-28 0 4.54056380461 3.33333333333 2.0 0 4.05932864949 0 0 33.3333333333 5.21739130435 0 12.5 0 4.36432637571 0 4.82815057283 4.81012658228 0 0 0 6.43015521064 8.21917808219 0 0 10.8108108108 0 1.33333333333 9.09090909091 4.35967302452 0 0 5.0541814873 0 2.63157894737 2.5641025641 0 2.98365640441 0 3.12241521919 0 9.43396226415 3.90859361214 1.40845070423 0 0 0 0 0 4.41176470588 0 
2017-11-29 0 5.5997586636 3.22580645161 3.77358490566 0 4.75852272727 0 0 0 3.71352785146 0 0 6.97674418605 3.70264678605 0 3.76627569138 3.97196261682 0 0 0 6.18260244428 2.40963855422 0 25.0 6.97674418605 0 1.91082802548 0 5.32258064516 0 0 4.43755669791 0 5.69105691057 4.06976744186 0 4.07255304586 8.69565217391 4.89020114412 0 5.26315789474 5.00352636941 9.41176470588 8.62068965517 33.3333333333 0 0 0 7.69230769231 0 
2017-11-30 0 3.99772894262 0 4.61538461538 0 4.22712933754 0 0 0 4.40835266821 0 5.55555555556 4.08163265306 3.83835824677 0 4.12077478162 3.03643724696 0 0 0 5.4883868915 5.37634408602 0 0 4.16666666667 0 3.50877192982 0 3.44827586207 0 0 4.22582150237 0 4.1095890411 3.48258706468 0 3.35426558432 7.40740740741 3.52007932573 0 6.94444444444 3.63668061367 3.0303030303 0 0 0 16.6666666667 0 5.68181818182 0 
2017-12-1 0 3.30178759201 4.7619047619 8.21917808219 0 4.75929978118 16.6666666667 0 0 3.94190871369 0 5.0 5.66037735849 3.66640262533 0 4.04837896859 3.73665480427 0 0 0 4.78517028309 3.88349514563 0 0 3.7037037037 0 6.15384615385 0 3.10716550412 0 0 3.99312755495 0 3.50877192982 3.6036036036 0 3.24640043466 0 3.14891112419 0 4.6511627907 3.65944042987 4.67289719626 4.41176470588 20.0 0 0 0 3.92156862745 0 
2017-12-2 0 1.60031667044 2.22222222222 1.31578947368 0 2.98726738492 7.69230769231 0 0 2.90135396518 0 4.54545454545 5.35714285714 2.82543148264 0 2.82412367978 2.61437908497 0 0 0 2.91301416049 4.31034482759 0 0 1.75438596491 0 1.91387559809 0 1.91637630662 0 0 3.20263555844 0 5.15463917526 0.816326530612 0 1.79338216721 3.125 1.55815247635 0 1.05263157895 2.05721171779 2.58620689655 0 16.6666666667 0 14.2857142857 0 0.934579439252 0 
2017-12-3 0 1.75210730001 2.08333333333 3.57142857143 0 3.83786114705 13.3333333333 25.0 0 3.92156862745 0 0 3.125 4.00140564601 0 3.41207349081 3.80116959064 0 0 0 3.99005593536 6.61764705882 0 0 1.69491525424 0 1.75438596491 5.55555555556 2.55591054313 0 0 3.98371619657 0 4.22535211268 4.25531914894 0 2.04889406286 2.63157894737 1.88777502929 0 3.77358490566 2.51491001214 1.62601626016 1.28205128205 14.2857142857 0 0 0 2.63157894737 0 
2017-12-4 0 2.68064703603 2.04081632653 3.1914893617 0 3.27029156816 0 0 0 3.10965630115 0 8.0 4.22535211268 2.35363793898 0 2.56901840491 2.68096514745 0 0 0 3.39587889951 3.97350993377 0 0 7.35294117647 0 1.69491525424 9.09090909091 2.59042033236 0 0 2.82917190587 0 3.05676855895 2.89389067524 0 2.14109838347 2.22222222222 2.55204045631 0 2.65486725664 2.7438877369 3.84615384615 1.14942528736 12.5 0 11.1111111111 0 3.2 0 
2017-12-5 0 2.9113812544 3.77358490566 1.9801980198 0 4.18143160879 6.25 0 0 4.78260869565 0 3.7037037037 3.94736842105 3.56985632529 0 3.5236655425 2.89855072464 50.0 2.77777777778 0 4.2431918936 5.20231213873 0 0 1.38888888889 0 2.734375 8.33333333333 2.79255319149 0 0 3.99918550193 0 5.15873015873 3.79008746356 0 2.67822360732 2.0 2.82002534854 0 7.03125 3.09375136457 0.699300699301 1.0752688172 0 0 0 0 2.9197080292 0 
2017-12-6 0 2.17030773326 0 0.961538461538 0 4.32258064516 11.1111111111 0 0 3.1914893617 0 9.67741935484 2.5 2.94974846387 0 2.82236346009 3.20796460177 0 0 0 3.41535433071 1.63043478261 12.5 0 1.26582278481 0 2.9197080292 0 2.40228013029 0 0 3.33722111441 0 3.67647058824 2.18579234973 0 1.82248952069 0 1.86851888085 0 3.6231884058 2.31475860953 1.97368421053 1.0101010101 11.1111111111 0 0 0 2.02702702703 0 
2017-12-7 0 1.46452910508 1.61290322581 0.934579439252 0 2.4984948826 5.26315789474 0 0 1.87032418953 0 0 4.59770114943 1.78574601539 0 2.24787672278 2.48704663212 0 0 0 2.167561964 3.94088669951 11.1111111111 0 0 0 1.393728223 0 1.24223602484 0 0 2.54252334789 0 4.79452054795 1.04166666667 0 1.10110984882 1.66666666667 0.937646507267 0 1.37931034483 1.56216852134 1.27388535032 1.0 0 0 0 0 0.641025641026 0 
2017-12-8 0 1.8497685484 4.41176470588 0.900900900901 0 3.24099722992 5.0 0 0 2.90697674419 0 5.71428571429 3.26086956522 2.67124086133 0 2.83818130472 2.68199233716 0 0 0 2.871712292 0.913242009132 0 0 1.19047619048 0 1.31578947368 3.125 2.08933717579 0 12.5 3.26565477364 25.0 4.96894409938 1.69902912621 7.14285714286 1.79390563565 1.53846153846 1.74637999122 0 2.53164556962 2.15582450832 1.81818181818 0.970873786408 0 0 7.14285714286 0 1.80722891566 0 
2017-12-9 0 1.20113214223 0 0.833333333333 0 3.2913345333 0 0 0 2.8230184582 0 5.26315789474 0 2.82535978219 0 2.75638781939 3.34507042254 0 0 10.0 2.40717029449 2.94117647059 0 0 2.27272727273 0 2.1875 7.69230769231 1.69090294217 0 11.1111111111 3.18331503842 0 2.87356321839 3.11804008909 0 1.74553917766 0 1.23799898939 0 3.48837209302 1.72972051806 0.568181818182 0 0 0 0 0 0.59880239521 0 
2017-12-10 0 1.09218744667 3.79746835443 1.61290322581 0 2.4209012464 8.69565217391 0 0 1.84049079755 0 5.0 3.92156862745 2.06319264324 0 2.10054671764 2.48344370861 0 2.43902439024 0 1.91803278689 1.56862745098 0 0 1.0989010989 0 1.77514792899 6.97674418605 1.61699429296 0 0 2.52980018866 28.5714285714 2.16802168022 2.24948875256 6.25 1.20919881306 0 1.19347243647 0 1.67597765363 1.44720385921 0.531914893617 1.81818181818 0 0 0 0 1.15606936416 0 
2017-12-11 0 1.9938404286 0 0 0 3.0303030303 0 0 0 2.67686424474 0 2.32558139535 3.6036036036 2.00664229299 0 2.09909595313 2.26739640344 0 0 0 2.92867630013 1.48698884758 7.69230769231 0 2.08333333333 0 0.845070422535 4.25531914894 1.685891748 0 0 2.56851155293 12.5 1.03092783505 3.2319391635 5.88235294118 1.60016770317 3.48837209302 1.95490974459 0 2.65957446809 2.13436340226 1.00502512563 0.877192982456 0 0 0 0 2.10526315789 0 
2017-12-12 0 1.27554964594 0 0.77519379845 0 1.5283379325 0 0 0 1.28676470588 0 0 0.862068965517 1.23059089929 0 1.34495734138 1.70496664196 0 0 0 1.73867621819 0.729927007299 7.14285714286 0 1.0101010101 0 0.54347826087 3.92156862745 0.883190883191 0 0 1.80321140922 0 1.0 1.79856115108 5.55555555556 0.786920833051 1.0989010989 0.896796123526 0 1.03626943005 1.10601367541 0.961538461538 0 0 0 0 0 1.96078431373 0 
2017-12-13 0 1.54883947987 1.12359550562 0.763358778626 0 2.0782889427 4.16666666667 0 0 2.01754385965 0 2.27272727273 1.68067226891 1.35551927014 0 1.59349824325 1.42247510669 0 0 0 2.08049357917 0.353356890459 0 0 1.94174757282 0 0.26525198939 5.45454545455 0.954198473282 0 0 1.89168051618 0 0.479616306954 2.7027027027 0 0.987315287041 1.06382978723 0.973891421467 0 1.47783251232 1.2648663775 1.35135135135 0.813008130081 0 0 5.26315789474 0 0.473933649289 0 
2017-12-14 0 0.92970128105 0 0 0 1.24392614189 0 0 0 0.856164383562 0 2.17391304348 0 0.76377523186 0 0.992624250362 1.30674002751 0 0 0 0.972721505604 0.687285223368 0 0 0 0 0.25974025974 1.78571428571 0.587606837607 0 6.66666666667 1.42539712557 0 0.234741784038 1.13636363636 0 0.430535920833 0 0.426569165143 0 1.45631067961 0.701504398104 0 1.5873015873 0 0 4.34782608696 0 2.27272727273 0 
2017-12-15 0 0.515832190215 0 0 0 0.326923076923 4.0 0 0 0.589225589226 0 0 0 0.494223604822 0 0.415545488607 0.745762711864 0 0 0 0.537334263782 0.66889632107 0 0 0.943396226415 0 0.25706940874 1.75438596491 0.342285413375 0 0 0.632527308375 0 0.923787528868 0.480769230769 0 0.311665182547 0 0.194997310382 0 0.48309178744 0.403575297941 0.434782608696 0 0 0 0 0 0.446428571429 0 
2017-12-16 0 1.04500487669 0 2.22222222222 0 2.54558584582 0 0 0 2.4740622506 0 2.08333333333 0 1.67895020672 0 1.8553114733 2.05523442518 0 0 0 1.64333536214 1.57728706625 0 0 1.78571428571 0 0.970873786408 0 0.942195059842 0 0 2.62357246792 0 0.669642857143 3.09734513274 0 0.954492271692 2.80373831776 0.709219858156 0 2.76497695853 1.0915340514 1.27118644068 0 0 0 3.84615384615 0 0.4329004329 0 
2017-12-17 0 0.497649226032 1.02040816327 0 0 1.72205958326 0 0 0 0.780031201248 0 5.76923076923 0 0.791519600371 0 0.831137874796 1.11731843575 0 0 0 0.84497671324 0.307692307692 0 0 0 0 1.18203309693 0 0.451127819549 0 0 1.39954274481 0 0.436681222707 1.26939351199 0 0.454765947126 0 0.331405549418 0 0.896860986547 0.558205491814 0 0.746268656716 0 0 0 0 2.10970464135 0 
2017-12-18 0 1.49975424753 0.990099009901 1.43884892086 0 1.81219110379 3.84615384615 0 0 1.27627627628 0 1.88679245283 1.49253731343 1.16161213543 0 1.20533010297 1.55781905333 0 0 0 1.72213622291 0.298507462687 0 0 4.95867768595 0 0.692840646651 0 1.06280193237 0 0 1.86954288649 0 1.26315789474 1.07238605898 0 0.893854748603 0 1.02611940299 0 1.2987012987 1.23360069639 0 0 0 0 0 0 0.411522633745 0 
2017-12-19 0 1.59772155455 1.85185185185 0.699300699301 0 2.1059248782 3.7037037037 0 0 1.51079136691 0 1.78571428571 3.54609929078 1.59299215016 0 1.4112844438 1.88895248998 0 0 0 2.00211403345 1.71428571429 0 0 1.5873015873 0 0.447427293065 1.61290322581 1.09226121311 0 11.1111111111 2.11086457086 7.14285714286 0.80971659919 1.52866242038 0 1.07343670131 0.847457627119 1.19536128457 0 2.10084033613 1.30760396229 0.787401574803 0.684931506849 0 0 0 0 0.793650793651 0 
2017-12-20 0 1.65843158358 3.47826086957 0.671140939597 0 1.82228915663 0 0 0 1.0511562719 0 5.0 3.92156862745 2.026440018 0 1.54108631202 2.11496746204 0 0 0 2.62034621769 2.45231607629 0 0 4.51127819549 0 1.68776371308 0 1.98281559815 0 0 2.23166644824 0 1.3698630137 1.22549019608 0 1.55017824349 1.57480314961 1.58953835748 0 2.45901639344 1.54081795944 0.772200772201 0.675675675676 0 0 3.33333333333 0 0.754716981132 0 
2017-12-21 0 1.40078831221 2.47933884298 0.649350649351 0 1.35351477223 0 20.0 0 0.951086956522 0 0 1.88679245283 1.53357267123 0 1.25529789704 1.04821802935 0 0 0 1.9305460361 1.05540897098 5.0 11.1111111111 1.4598540146 0 1.00806451613 0 1.52931180969 0 0 1.73727138802 6.66666666667 1.32325141777 1.52046783626 0 1.04758430187 0.763358778626 0.976933514247 0 0.803212851406 1.1432481047 1.12781954887 1.31578947368 0 0 3.125 0 1.0989010989 0 
2017-12-22 0 1.31807894827 0.793650793651 0.625 0 1.31911310693 0 0 0 1.17724002616 33.3333333333 1.5873015873 0.625 1.86058097647 0 1.30870300507 1.16514690983 0 0 0 2.06162956465 2.27848101266 0 0 2.11267605634 33.3333333333 1.53550863724 0 1.65373621886 0 0 1.71899515509 0 2.34234234234 1.47225368063 0 1.23204309657 0 1.03572736308 0 0.77519379845 1.26751308845 1.42348754448 0.649350649351 0 0 5.88235294118 0 1.0752688172 0 
2017-12-23 0 0.654105460553 1.5503875969 0.609756097561 0 0.716450812896 0 0 0 0.578034682081 0 0 2.40963855422 0.88184907462 0 0.638455448579 0.891530460624 0 0 0 1.07158165452 0.498753117207 0 0 1.3698630137 0 0.186219739292 1.51515151515 0.8962358096 0 0 0.912464159217 0 0.355871886121 0.11135857461 0 0.735365734879 0 0.550213400525 0 1.1320754717 0.656459687974 0.694444444444 0.632911392405 0 0 0 0 0 0 
2017-12-24 0 0.360990903471 0 0.606060606061 0 0.354851917565 0 0 0 0.572883513686 0 0 1.18343195266 0.47776008296 0 0.349163778053 0.146986771191 0 0 0 0.561440677966 0.742574257426 0 0 0.680272108844 0 0.73126142596 2.94117647059 0.471512770138 0 0 0.535276559556 0 0.706713780919 0.221729490022 0 0.298737592753 0 0.183861082737 0 0 0.351569727996 0 0 0 0 0 0 0.350877192982 0 
2017-12-25 0 0.479083643649 0 1.16959064327 0 0.566343042071 3.22580645161 0 0 0.562851782364 0 0 0.571428571429 0.625758252985 0 0.615284974093 0.338164251208 0 0 0 0.565652333316 0.729927007299 0 0 1.96078431373 0 0.709219858156 1.44927536232 0.676851672791 0 0 0.770428653389 0 0.175438596491 0.760869565217 0 0.384871234439 0 0.424821726597 0 0 0.402326806924 0.3367003367 0.609756097561 0 0 2.7027027027 0 0 0 
2017-12-26 0 0.812100726001 0 1.13636363636 0 1.63891779396 0 0 0 1.02905569007 0 1.51515151515 3.31491712707 1.75666312937 0 1.29254320512 1.44387517466 0 0 0 1.26692209451 1.42180094787 0 0 1.86335403727 25.0 2.03045685279 2.77777777778 1.2969924812 0 0 1.65043632225 0 1.17647058824 1.0460251046 4.0 0.92870674121 0 0.571456966806 0 1.82481751825 0.872902622644 0.993377483444 1.17647058824 0 0 2.63157894737 0 2.02702702703 0 
2017-12-27 0 0.655245090879 0 0 0 0.985844287159 0 0 0 1.29793510324 0 0 0 0.950214247227 0 0.781158090398 1.04261106074 0 2.17391304348 0 0.872880505669 0.93023255814 0 0 1.20481927711 0 0.986842105263 1.3698630137 0.739644970414 0 4.54545454545 1.03829183252 5.26315789474 1.15702479339 1.02249488753 0 0.531359280621 0 0.47907704341 0 0 0.607806118517 0.967741935484 0 0 0 2.5 0 0.332225913621 0 
2017-12-28 0 1.08691256168 0.684931506849 0 0 0.851536467975 2.85714285714 0 0 0.918484500574 0 2.94117647059 2.59067357513 1.57960188762 0 0.985751206459 1.05124835742 0 0 0 1.94024808147 1.13895216401 0 0 2.87356321839 0 1.10062893082 1.33333333333 1.60028449502 0 4.34782608696 1.34625740442 0 1.45631067961 0.793650793651 0 1.14228193794 1.31578947368 0.967848543506 0 0.704225352113 1.14844903988 1.57232704403 1.12359550562 0 0 2.38095238095 0 0.649350649351 0 
2017-12-29 0 0.868802019644 0.662251655629 0.552486187845 0 0.976962971897 0 0 0 1.22836404243 0 1.40845070423 1.96078431373 1.36492588005 0 1.17529659607 1.43884892086 0 0 0 1.30303885596 0.89485458613 0 0 1.11731843575 0 0.763358778626 1.31578947368 1.22350508358 0 8.0 1.515612548 0 0.943396226415 1.14722753346 0 0.828658847527 1.28205128205 0.663686223902 0 3.9603960396 0.869697348898 1.23076923077 1.08695652174 0 0 0 0 1.5873015873 0 
2017-12-30 0 0.509039333974 0 0 0 0.582155162172 0 0 0 0.438356164384 0 0 0.952380952381 0.634655663869 0 0.673877960483 0.626043405676 0 0 0 0.893353082762 0.875273522976 3.33333333333 0 1.0989010989 0 0.451127819549 0 0.675789829363 0 0 0.741816524995 0 0.467289719626 0.656660412758 0 0.44745535901 1.24223602484 0.282949981745 0 0.326797385621 0.481792618937 0.305810397554 0.531914893617 0 0 2.27272727273 0 0.315457413249 0 
2017-12-31 0 0.399558180858 0 1.0752688172 0 0.619810548474 0 0 0 0.4329004329 0 1.3698630137 0.934579439252 0.662071959624 0 0.613852460776 0.82304526749 0 0 0 0.680987202925 0.431965442765 0 0 3.14136125654 0 0.295857988166 0 0.516580569905 0 0 0.794316719808 0 0.611620795107 0.644567219153 0 0.383726687572 0.609756097561 0.289750090547 0 0.96463022508 0.344091941367 0.606060606061 0 0 0 0 0 0.3125 0 
2018-1-1 0 0.0192015975729 0 0 0 0 0 0 0 0.0540832882639 0 0 0 0.00930045107188 0 0.0107277720563 0 0 0 0 0 0 0 0 0 0 0 0 0 0 0 0.016774067292 0 0 0 0 0.00824844310636 0 0.00905305087815 0 0 0.0120358668833 0 0 0 0 0 0 0 0 
2018-1-2 0 0 0 0 0 0 0 0 0 0 0 0 0 0 0 0 0 0 0 0 0 0 0 0 0 0 0 0 0 0 0 0 0 0 0 0 0 0 0 0 0 0 0 0 0 0 0 0 0 0 
2018-1-3 0 0 0 0 0 0 0 0 0 0 0 0 0 0 0 0 0 0 0 0 0 0 0 0 0 0 0 0 0 0 0 0 0 0 0 0 0 0 0 0 0 0 0 0 0 0 0 0 0 0 
2018-1-4 0 0 0 0 0 0 0 0 0 0 0 0 0 0 0 0 0 0 0 0 0 0 0 0 0 0 0 0 0 0 0 0 0 0 0 0 0 0 0 0 0 0 0 0 0 0 0 0 0 0 
2018-1-5 0 0 0 0 0 0 0 0 0 0 0 0 0 0 0 0 0 0 0 0 0 0 0 0 0 0 0 0 0 0 0 0 0 0 0 0 0 0 0 0 0 0 0 0 0 0 0 0 0 0 
2018-1-6 0 0.534101024641 0.636942675159 0.534759358289 0 0.427894067307 2.7027027027 0 0 0.428954423592 0 0 0.913242009132 0.45719545873 25.0 0.409662081848 0.568643379366 0 0 0 0.663357400722 0.424628450106 0 0 2.0202020202 0 0.580551523948 0 0.55765130392 0 0 0.604671710199 3.84615384615 0.304414003044 0.454959053685 0 0.386445917911 1.77514792899 0.296349512819 0 1.26984126984 0.394156025017 1.19402985075 1.03626943005 0 0 0 0 0.30959752322 0 
2018-1-7 0 0.541929455735 0 0 0 0.343563902886 0 0 0 0.265533722783 0 0 0 0.553573997925 0 0.392675654109 0.36231884058 0 0 7.69230769231 0.816906410939 0.422832980973 0 0 1.44927536232 20.0 0.717360114778 0 0.469027979945 0 0 0.503239004432 3.7037037037 0.451127819549 0 0 0.289458872719 1.16959064327 0.302922309337 0 0.315457413249 0.431127398146 0.294117647059 0 0 0 2.12765957447 0 0.30487804878 0 
2018-1-8 0 1.23246996483 1.25 0 0 0.421028675467 0 0 16.6666666667 0.315955766193 0 0 0.892857142857 0.4261267558 0 0.445861199658 0.518754988029 0 0 0 1.17323796232 0.627615062762 0 0 1.40845070423 0 0.568990042674 0 0.796685787126 50.0 0 0.497673915395 0 0.892857142857 0.179533213645 3.22580645161 0.551718663174 1.15606936416 0.703636923348 0 0.623052959502 0.808036511881 0.578034682081 0 0 0 0 0 1.79104477612 0 
2018-1-9 0 1.42805158381 0 1.00502512563 0 1.47892805515 0 0 0 0.827300930714 0 0 0.869565217391 1.14018719053 0 1.05471459464 1.1306042885 0 3.92156862745 6.66666666667 1.76570458404 1.42276422764 0 0 1.83486238532 0 2.18281036835 0 1.18380062305 0 7.14285714286 1.08697091261 0 1.02639296188 0.797872340426 0 1.2440598076 1.66666666667 1.4487163002 0 0.900900900901 1.33510717856 0.284090909091 0 0 0 0 0 0.583090379009 0 
2018-1-10 0 1.19038336582 0.602409638554 0.990099009901 0 1.17391304348 2.63157894737 14.2857142857 0 1.0152284264 0 0 1.28755364807 1.00100172239 0 1.0263284251 0.957120980092 0 3.77358490566 0 1.35387682213 0.202429149798 0 0 1.34529147982 0 1.32450331126 2.38095238095 1.00594421582 0 3.44827586207 1.07270250989 3.44827586207 0.436046511628 0.699300699301 0 0.975720444747 0 1.09330978512 0 0.884955752212 0.987870547477 1.108033241 0.48309178744 0 0 0 50.0 0.842696629213 0 
2018-1-11 0 1.44313606832 1.16279069767 0.952380952381 0 1.71995357181 2.5 0 0 1.18577075099 20.0 2.5974025974 0.423728813559 1.51119900142 0 1.34315846931 1.38214419126 0 3.63636363636 0 1.65035191328 0.990099009901 0 0 1.74672489083 0 1.14358322745 0 1.37736966825 0 3.33333333333 1.52523571825 0 1.8387553041 1.5306122449 0 1.39205171527 1.57894736842 1.78149205055 20.0 2.27272727273 1.43972143064 1.86170212766 0.471698113208 0 0 1.96078431373 0 0.824175824176 25.0 
2018-1-12 0 1.11521418021 2.25988700565 0.93896713615 0 1.38974675726 2.43902439024 0 0 1.2077294686 0 0 1.64609053498 1.30938610121 0 1.18739040939 1.05685131195 0 0 0 1.43659965173 1.16279069767 0 0 1.69491525424 0 1.36138613861 3.33333333333 1.24098124098 0 0 1.30496279442 0 1.51515151515 1.25313283208 0 1.24101426988 0.518134715026 1.29684143528 0 1.12044817927 1.11365347854 0.777202072539 0 0 0 0 0 1.34770889488 20.0 
2018-1-13 0 0.928304013526 1.6393442623 0.462962962963 0 1.62389735365 0 0 0 1.31578947368 16.6666666667 1.21951219512 0.404858299595 1.72714329435 0 1.54501667284 2.21674876847 0 1.78571428571 0 1.23796957467 2.05992509363 3.0303030303 0 2.06611570248 0 1.08695652174 2.12765957447 1.32245357344 0 0 1.74371451744 3.125 1.60213618158 1.77849636217 0 1.33514606428 0.507614213198 1.14462067349 0 0.550964187328 1.21838316879 1.25313283208 0.452488687783 0 0 0 0 0.79575596817 0 
2018-1-14 0 0.634217586639 0.534759358289 0 0 1.22693364743 2.27272727273 0 0 1.46654445463 0 1.20481927711 0.803212851406 1.07176446 0 1.15973543535 1.43884892086 0 0 0 0.936580144501 1.46252285192 0 0 2.40963855422 16.6666666667 0.707547169811 2.08333333333 1.02139406487 0 3.125 1.3008660784 0 1.05263157895 1.33858267717 2.5641025641 0.869297374996 1.47783251232 0.714258136751 0 1.34408602151 0.827852514463 0.980392156863 0 0 0 0 0 0.261780104712 0 
2018-1-15 0 0.656592138111 2.0725388601 0 0 1.00318317739 0 0 0 0.81337550836 0 4.59770114943 0.398406374502 0.765653320949 0 0.84449205499 0.744752877454 0 0 0 0.799607739599 0.542495479204 0 0 0.793650793651 0 0.582750582751 3.0 0.884353741497 0 0 0.914483724026 0 0.390625 0.927357032457 0 0.517941773866 0.956937799043 0.900113938473 0 0.791556728232 0.719665615444 0.485436893204 0 0 0 1.81818181818 0 0.777202072539 0 
2018-1-16 0 1.11044073958 0.507614213198 0.909090909091 0 1.38705416116 4.34782608696 0 0 1.23565754634 0 2.22222222222 0.78125 1.4116521115 0 1.19581725817 1.22314049587 0 0 5.88235294118 1.47291674338 1.243339254 5.55555555556 0 2.29885057471 0 0.45871559633 0.990099009901 1.01455079429 0 0 1.31050873299 0 1.02432778489 0.909780136467 0 1.01611888922 0.469483568075 1.07410986397 0 1.30208333333 1.02702883298 1.17924528302 0.865800865801 0 0 5.1724137931 0 1.0152284264 0 
2018-1-17 0 1.02158842449 0.502512562814 0.896860986547 0 0.982755423697 0 0 0 0.82286704201 0 0 1.15384615385 1.15395527267 0 1.0518214469 0.780234070221 0 0 0 1.21321538184 1.04895104895 2.7027027027 0 1.49812734082 0 1.00896860987 0 1.16415958143 0 3.0303030303 1.15994513032 0 0.758533501896 1.40740740741 0 0.918291460536 0.921658986175 1.14557951777 0 0.257731958763 1.02137922044 0.692840646651 0.858369098712 0 0 1.66666666667 0 0 0 
2018-1-18 0 0.90032812283 0 0.884955752212 0 0.964864372838 0 0 0 1.14893617021 14.2857142857 1.0989010989 0.760456273764 0.946601500754 0 0.982743296047 0.986318803691 0 1.6393442623 0 0.961948033508 1.36286201022 0 0 2.18181818182 0 0.880088008801 0 0.79527963058 0 0 1.09224997044 0 0.622665006227 1.23367198839 4.44444444444 0.704404112197 0.452488687783 0.736714112009 0 0.763358778626 0.799989776488 0.677200902935 0.840336134454 0 0 0 0 0.731707317073 0 
2018-1-19 0 0.998323045635 0 0.438596491228 0 0.965319985699 0 0 0 1.16424116424 0 1.08695652174 1.48698884758 1.18155704936 0 0.877077505348 0.907668231612 0 0 0 1.2072084609 0.836120401338 2.5641025641 10.0 1.7667844523 0 1.40540540541 0 1.05408457774 0 0 1.07984086556 0 0.738916256158 0.642398286938 0 0.963355326333 0.440528634361 1.07669719639 0 0.250626566416 0.954199664252 0.443458980044 1.62601626016 0 0 1.6393442623 0 0.959232613909 0 
2018-1-20 0 0.625900038636 0.975609756098 1.28755364807 0 1.21471642052 0 0 0 0.73559460564 0 3.125 0.727272727273 1.29331536419 0 1.03913260621 0.887936313533 0 0 0 0.964861258425 0.822368421053 0 0 1.70648464164 0 0.949367088608 0 0.849753694581 0 2.94117647059 1.18196500396 0 0.723763570567 0.771929824561 0 0.807455301582 0.436681222707 0.682852807284 0 0.738916256158 0.746688175197 0.656455142232 0.803212851406 0 33.3333333333 4.54545454545 0 0.712589073634 0 
2018-1-21 0 0.59764956821 0 0.847457627119 0 1.08630570524 0 0 0 1.04166666667 0 3.0303030303 0.354609929078 1.31767045808 0 1.11300290074 0.812030075188 0 1.51515151515 0 0.958692142088 1.13085621971 0 0 1.66112956811 0 1.5479876161 0 0.871354229699 0 0 1.19941688031 0 1.64319248826 0.892857142857 0 0.75102819336 0.429184549356 0.555650247145 0 0.243902439024 0.705590121738 0.216919739696 0.78431372549 0 0 1.47058823529 0 0.471698113208 0 
2018-1-22 0 0.761754483809 1.42857142857 0 0 0.876084575857 0 0 0 0.86682427108 0 1.0 0.696864111498 0.730252771223 0 0.89058524173 1.00710900474 0 1.47058823529 0 0.815541705344 1.11464968153 0 0 2.86624203822 0 0.30737704918 0 0.761904761905 0 0 0.984481565682 0 1.04408352668 0.675675675676 2.17391304348 0.65803002262 0.847457627119 0.712030630752 0 0 0.69832237347 0.852878464819 0.381679389313 0 0 1.44927536232 0 0.923787528868 0 
2018-1-23 0 0.85003400136 0.943396226415 0.833333333333 0 0.970954356846 0 0 9.09090909091 0.854037267081 0 0.990099009901 0.346020761246 1.06696785938 0 1.03604838955 0.989234797789 0 1.44927536232 0 0.910723029215 1.24223602484 0 0 0.630914826498 0 1.10998990918 0.952380952381 0.876372984342 0 0 1.23149368266 0 1.13765642776 1.32187706543 0 0.785536879801 0.416666666667 0.80714521998 0 1.18764845606 0.773251193522 1.0460251046 0 0 0 0 0 0.681818181818 0 
2018-1-24 0 0.608870994227 0.93023255814 0 0 0.313634862991 0 0 8.33333333333 0.423728813559 0 0.980392156863 1.02389078498 0.372119884714 0 0.40984226366 0.432401268377 0 0 0 0.639906922629 0.460122699387 0 0 0.931677018634 0 0.301507537688 0 0.463284688441 0 0 0.542424300609 0 0.339366515837 0.392670157068 0 0.343613091659 0.82304526749 0.416516349087 0 1.16822429907 0.400721068283 0.616016427105 0.374531835206 0 0 0 0 0.223214285714 0 
2018-1-25 0 0.720911604351 1.37614678899 0.82304526749 0 0.758007987611 0 0 0 0.534147272034 0 0.970873786408 1.33779264214 0.55604694309 0 0.554824430221 0.427594070696 0 0 0 0.791320995533 0.758725341426 0 0 0.617283950617 14.2857142857 1.08803165183 0 0.957483187051 0 2.85714285714 0.696057884705 0 0.3367003367 0.518134715026 0 0.592751495992 0.4 0.467623563032 0 1.37614678899 0.628352490421 1.0101010101 0.37037037037 0 0 1.40845070423 0 1.1013215859 0 
2018-1-26 0 0.794335053442 0.909090909091 0.408163265306 0 0.772076564259 0 0 0 1.38421249532 0 0 0.3300330033 1.11508431899 0 0.823245265235 0.757788380578 0 0 5.0 1.04101342029 1.18870728083 2.5 0 0.909090909091 0 1.16279069767 1.8018018018 1.05227807008 0 0 0.916721066866 0 0.664451827243 0.321130378934 0 0.843730117016 0.389105058366 0.945980379666 0 0.454545454545 0.857098158412 0.596421471173 0.363636363636 0 0 0 0 0.650759219089 0 
2018-1-27 0 0.514288577908 0 0 0 0.605095541401 4.16666666667 0 0 0.444444444444 0 1.88679245283 1.62337662338 0.789255270837 0 0.610031302322 0.528364849833 0 0 0 0.808324816501 0.588235294118 0 0 1.19760479042 0 0.383509108341 0.892857142857 0.871003307607 0 2.77777777778 0.736391955909 0 0.765864332604 0.445009535919 0 0.737535379926 0 0.598500598501 0 0.452488687783 0.619198469695 0.391389432485 0 0 0 0 0 0 0 
2018-1-28 0 0.413768326902 0 0.401606425703 0 0.551528521904 0 0 0 0.367242012486 0 0.934579439252 0 0.490355481916 0 0.343568201175 0.304035378662 0 2.5974025974 0 0.669929642092 0.724637681159 0 0 0.298507462687 0 0.189933523267 0.862068965517 0.641234648408 0 0 0.523756079312 0 0.754310344828 0.315855969678 0 0.499637359981 0.766283524904 0.477498283503 0 0.224215246637 0.464331865869 0.193798449612 0.357142857143 0 0 0 0 0 14.2857142857 
2018-1-29 0 0.740266861634 0.440528634361 0.790513833992 0 0.328947368421 0 0 0 0.401313389274 0 0.925925925926 1.57728706625 0.395578944132 0 0.318571879574 0.275254610515 0 1.25 0 0.797029254597 0.427960057061 0 0 0.588235294118 0 0.377358490566 0 0.665807560137 0 0 0.398041526884 0 0 0.126023944549 1.96078431373 0.406666135077 0.754716981132 0.610677605404 0 0.886917960089 0.516249383158 0.191938579655 0.355871886121 0 0 0 0 0.425531914894 0 
2018-1-30 0 1.19232608176 0 0.78431372549 0 0.928433268859 0 0 0 0.793078586878 0 0 1.84615384615 0.995142576699 0 0.773699872467 0.707482993197 0 1.23456790123 0 1.2758886713 1.12359550562 0 0 1.15273775216 0 1.2037037037 0.847457627119 0.846202665538 0 0 0.830283889093 2.7027027027 0.955414012739 0.312891113892 5.35714285714 0.965261065188 0.743494423792 1.10294117647 0 0.875273522976 0.851790580513 0.571428571429 0 0 0 0 0 2.08333333333 0 
2018-1-31 0 0.929003464678 0.869565217391 0.772200772201 0 0.870096168524 1.96078431373 0 0 0.959829363669 0 2.7027027027 2.07715133531 0.96942764675 0 0.680929763356 0.511027434104 0 0 0 1.0686755431 2.19478737997 0 0 1.13636363636 0 1.08499095841 0 0.958433170122 0 0 0.75560072467 0 0.525762355415 0.434782608696 1.6393442623 0.865265760198 0 1.03240865428 0 0.218340611354 0.749445981182 0.376647834275 0.704225352113 0 0 2.7027027027 0 0.614754098361 0 
2018-2-1 0 0.784998323641 0.854700854701 1.51515151515 0 0.783899902013 1.92307692308 0 0 0.562983814215 0 1.76991150442 0.58651026393 0.756478351843 0 0.525578621847 0.506801813817 0 1.21951219512 0 0.846067512734 0.949796472185 0 0 1.6713091922 0 0.711111111111 0.793650793651 0.678942495628 0 0 0.638156514442 0 0.928792569659 0.369685767098 0 0.612670327435 0 0.577350111029 0 1.06837606838 0.594169288515 0.558659217877 0 0 0 1.31578947368 0 0.404858299595 0 
2018-2-2 0 0.645823824738 0.847457627119 1.12359550562 0 0.744546199092 0 0 0 0.590687977762 0 0 0.581395348837 0.671855283817 0 0.476779334982 0.502379693284 0 1.20481927711 0 0.637323242382 1.33155792277 0 0 0.815217391304 0 0.351493848858 1.5503875969 0.519242516799 0 0 0.610268085143 0 0.409416581372 0.306184935701 0 0.423088546389 0.36496350365 0.402420397133 16.6666666667 1.04821802935 0.442971910492 0.184842883549 0 8.33333333333 0 1.2987012987 0 0.4 0 
2018-2-3 0 0.467946510722 0.836820083682 0 0 0.713707600618 1.88679245283 0 0 0.653594771242 0 0.877192982456 0.862068965517 0.905020256343 0 0.604652426762 0.341386554622 0 1.19047619048 0 0.694229742264 1.3037809648 0 0 0.534759358289 0 0.432152117545 2.22222222222 0.442834138486 0 0 0.725766419609 0 1.11111111111 0.605326876513 0 0.636246147728 0.72202166065 0.547370872882 0 1.03305785124 0.543771831899 0 0.34965034965 0 0 0 0 0.595238095238 0 
2018-2-4 0 0.461781572291 0.416666666667 1.0989010989 0 0.704634607003 1.85185185185 0 0 0.511596180082 0 0 0.56657223796 0.900287980317 0 0.572080843349 0.572171651495 0 0 4.34782608696 0.746372187231 0.386597938144 2.32558139535 0 1.5625 0 0.677392040644 2.17391304348 0.615812475169 0 0 0.742969681089 0 0.695825049702 0.359712230216 0 0.590498125597 0 0.45038542599 0 0.411522633745 0.50862833437 0.907441016334 0.344827586207 0 0 0 0 0.197628458498 0 
2018-2-5 0 0.576667567135 0.413223140496 0.363636363636 0 0.432401268377 1.81818181818 0 0 0.371998647278 0 0 1.12044817927 0.440634550742 0 0.376025068338 0.284605433376 0 1.16279069767 0 0.609371139963 0.764331210191 0 0 1.52284263959 0 0.501253132832 0.719424460432 0.569241338699 0 0 0.443840351716 0 0.686947988224 0.594530321046 1.51515151515 0.333082103523 0 0.378256010545 0 0.80971659919 0.40328701689 0.361010830325 0 0 0 0 0 0.392156862745 0 
2018-2-6 0 0.542794766958 0.819672131148 0 0 0.464783696818 0 0 0 0.369127516779 0 0 0 0.385558095343 0 0.315227612879 0.154639175258 0 1.14942528736 0 0.679126371835 0.126903553299 0 0 0.501253132832 0 0.331125827815 1.40845070423 0.408321991056 0 0 0.394888115034 0 0.19550342131 0.177514792899 0 0.328153653122 0.34965034965 0.293489101012 0 0.60120240481 0.344295501038 0.177619893428 0 0 0 1.25 0 0.194552529183 0 
2018-2-7 0 0.559945350194 0.401606425703 0 0 0.404312668464 0 0 0 0.433188937021 0 0.869565217391 0 0.413958931995 0 0.330154554423 0.205180815594 0 0 0 0.565245478036 0.378310214376 0 0 1.23762376238 0 0.327064595258 0 0.279356516713 0 0 0.386400681786 2.32558139535 0.966183574879 0.118063754427 0 0.253977381637 0.346020761246 0.27204715484 0 0.792079207921 0.324591015321 0.525394045534 0 0 0 0 0 0.769230769231 0 
2018-2-8 0 0.568387055649 0.793650793651 0.72202166065 0 0.387296669249 0 0 0 0.330360092501 0 0 0.277777777778 0.463673631553 0 0.286289479188 0.280755487494 0 1.12359550562 0 0.594143820105 0.250941028858 0 0 0.729927007299 0 0.643604183427 1.38888888889 0.315095961043 0 0 0.379778051788 0 0.288739172281 0.293599530241 0 0.342286665082 0.341296928328 0.307007661109 0 0.587084148728 0.33331184001 0.518134715026 0 0 0 0 0 0.567107750473 0 
2018-2-9 0 0.584105411627 0 0.714285714286 0 0.509598603839 3.50877192982 0 7.14285714286 0.557194362504 0 0 0.549450549451 0.671512263465 0 0.434387966805 0.506329113924 0 0 0 0.752492961823 0.249066002491 0 0 0.24154589372 0 0.555996822875 0.689655172414 0.500519406932 0 0 0.49961286116 0 0.950570342205 0.408639813193 1.49253731343 0.449263771934 0.675675675676 0.463764876795 0 0.387596899225 0.42751862092 0.681431005111 0.657894736842 0 0 0 0 0 0 
2018-2-10 0 0.364965401072 0 1.06007067138 0 0.669427191166 0 0 0 0.422215004872 0 0 0.27027027027 0.712018000801 0 0.415092399825 0.477027366307 0 0 0 0.531706935648 0.982800982801 0 0 0.479616306954 0 0.234741784038 0 0.402207464222 0 0 0.514286175632 0 0.65543071161 0.232018561485 0 0.396251922987 0.333333333333 0.336241871839 0 1.52671755725 0.327000249283 0.505902192243 0.327868852459 0 0 0 0 0.559701492537 0 
2018-2-11 12.5 0.331059234851 0 0.701754385965 0 0.349362926428 1.72413793103 0 0 0.355067785668 0 0 0.268096514745 0.485479241728 0 0.353275771914 0.24975024975 0 0 0 0.51418531342 0.365853658537 0 0 0.945626477541 0 0.536809815951 0 0.32437442076 0 0 0.418973155276 2.22222222222 0.372093023256 0.0578368999422 0 0.351104130093 0.662251655629 0.282048445968 0 0.188679245283 0.289190121849 0.664451827243 0.325732899023 0 20.0 1.23456790123 0 0.37037037037 0 
2018-2-12 0 0.458266141379 0.389105058366 0.347222222222 0 0.313223478142 0 0 0 0.416666666667 0 0 0.797872340426 0.294990369432 0 0.249977793851 0.199054491167 0 0 0 0.379662408291 0.121654501217 0 9.09090909091 0.467289719626 0 0.304414003044 0.671140939597 0.395438661026 0 0 0.341682927801 0 0.185528756957 0.115273775216 0 0.241102181401 0 0.233940661639 0 0.373831775701 0.260511065679 0.493421052632 0.323624595469 0 0 1.21951219512 0 0.184501845018 0 
2018-2-13 0 0.514855679045 0.769230769231 0.346020761246 0 0.291327913279 0 0 0 0.413749204328 0 0 0.789473684211 0.399307350357 0 0.322836929518 0.247341083354 0 0 0 0.591941466389 1.08043217287 0 0 0.230414746544 0 0.822737471952 0.666666666667 0.37361035174 0 0 0.36562781937 0 0.460405156538 0.171919770774 0 0.334851936219 0 0.306580532136 11.1111111111 0.553505535055 0.327053207379 0.162866449511 0.320512820513 0 0 2.35294117647 0 0.18315018315 0 
2018-2-14 0 0.456479613241 0 0.687285223368 0 0.390493502996 0 0 0 0.347331859804 0 0.854700854701 0.261780104712 0.293788891696 0 0.270955116787 0.19709288002 0 0 0 0.443727309399 0.119760479042 0 0 0.45871559633 0 0.0745156482861 0.662251655629 0.271591526344 0 0 0.302946846599 2.08333333333 0.457038391225 0.11448196909 0 0.215204784342 0 0.204398659145 0 0.183486238532 0.251309100638 0.647249190939 0.31847133758 0 0 0 0 0.54347826087 0 
2018-2-15 0 0.516895464564 0.381679389313 0 0 0.347826086957 0 0 0 0.344611528822 0 0 0 0.344573813241 0 0.283155373715 0.19617459539 0 0 0 0.489975501225 0.593824228029 0 0 0.228832951945 0 0.0741289844329 0 0.332434860737 0 0 0.307461215293 0 0.181983621474 0.0571755288736 0 0.227354583108 0.323624595469 0.225261900885 0 0.362976406534 0.275623479319 0.320512820513 0 0 0 0 0 0.179533213645 0 
2018-2-16 0 0.444514069752 0 0.337837837838 0 0.312541561378 0 0 6.25 0.218068535826 0 0 0.260416666667 0.278352390742 0 0.238237045861 0.14652014652 0 0 0 0.32552245111 0.355029585799 0 0 0.680272108844 0 0.367917586461 0.653594771242 0.321055917239 0 0 0.27540708123 0 0.0907441016334 0.170842824601 0 0.208002504976 0 0.167599275539 0 0 0.227464036092 0.634920634921 0.316455696203 0 0 0 0 0 0 
2018-2-17 0 0.243818163237 0 0 0 0.237953599048 0 0 0 0.495202723615 0 0 0.515463917526 0.392793745515 0 0.295763192271 0.242659548653 0 0 0 0.360547241567 1.16959064327 0 0 0.675675675676 0 0.219458668617 0.649350649351 0.283261042755 0 0 0.353711655494 0 0.0904977375566 0.452232899943 0 0.215718542899 0.319488817891 0.193975968533 10.0 0.710479573712 0.184613935526 0 0 0 0 0 0 0.352112676056 0 
2018-2-18 0 0.209176657434 0 0 0 0.295488869919 0 0 0 0.153893505694 0 2.5 0.511508951407 0.218872306388 0 0.228025009195 0.168959691045 0 0 0 0.26048066054 0.578703703704 0 0 0.223713646532 0 0.0728332119446 1.28205128205 0.272887323944 0 0 0.277223160805 0 0.180668473351 0.224845418775 0 0.104138970132 0 0.0726157818299 0 0.176991150442 0.154899033993 0.468018720749 0 0 0 0 0 0 0 
2018-2-19 0 0.408406160166 0 0.333333333333 0 0.202614379085 0 0 0 0.245098039216 0 0 0.508905852417 0.174377712947 0 0.22693720184 0.168390666346 0 0 0 0.368634344026 0.230149597238 0 0 0.443458980044 0 0.217076700434 0.62893081761 0.30589057857 0 0 0.271282286413 0 0.44964028777 0.279955207167 1.44927536232 0.147762609444 0.62893081761 0.187496651846 9.09090909091 0.525394045534 0.22423933812 0.460122699387 0 0 0 0 0 0.174216027875 0 
2018-2-20 0 0.397038614977 0.746268656716 0.3300330033 0 0.201796641062 0 0 0 0.152532031727 0 0 0.505050505051 0.214605610404 0 0.20650114183 0.167946257198 0 0 0 0.400106695119 0.229357798165 0 0 0.656455142232 0 0.287150035894 1.23456790123 0.173701580684 0 0 0.247933255759 0 0.0897666068223 0.0559597090095 0 0.177799240512 0.311526479751 0.133596964677 0 0.348432055749 0.214386695934 0.457317073171 0.613496932515 0 0 0 0 0 0 
2018-2-21 0 0.696296712244 0 0.655737704918 0 0.592783505155 1.66666666667 0 0 0.030487804878 0 0 0.250626566416 0.793041803058 0 0.597659765977 0.497748281583 0 0 0 0.694577505269 0 0 0 0.433839479393 0 0.774102744546 1.19760479042 0.703078110263 0 0 0.502081341694 0 0 0.0558971492454 1.42857142857 0.586300895677 0 0 0 0.519031141869 0.538721776863 0.301659125189 0.302114803625 0 0 0 0 0.509337860781 0 
2018-2-22 0 0.636297036911 0.724637681159 0 0 0.642902609803 1.6393442623 0 0 0.0304785126486 0 0 0.744416873449 0.839934252037 0 0.556821959443 0.42303172738 0 0 0 0.821762538963 0 2.17391304348 0 1.4799154334 0 0.484094052559 0.591715976331 0.593069558587 0 0 0.434082162356 0 0 0 1.40845070423 0.486742666837 0.600600600601 0 8.33333333333 0.17094017094 0.497808732338 0.597014925373 0.887573964497 0 0 0 0 0.5 0 
2018-2-23 0 0.606457064203 0 0 0 0.478679851357 0 0 0 0 0 0 0.735294117647 0.731813676908 0 0.646220606345 0.487352053841 0 0 0 0.732464018288 0 0 0 1.03734439834 0 0.744248985115 0.584795321637 0.585725043929 0 0 0.494512388642 1.85185185185 0 0.0556792873051 0 0.48439408618 0.589970501475 0 0 0.168634064081 0.497494534757 0.883652430044 0.292397660819 0 0 2.1978021978 0 0.328947368421 0 
2018-2-24 0 0.378127996327 1.05633802817 0.323624595469 0 0.411676646707 0 0 0 0 0 0 0.243309002433 0.834169716046 0 0.579141616954 0.528857208554 0 0 0 0.572391349505 0 0 0 0.614754098361 0 0.466045272969 1.13636363636 0.537723362012 0 0 0.430772831326 1.81818181818 0 0 0 0.406393931184 0.292397660819 0 7.69230769231 0.333889816361 0.36810965652 0.582241630277 1.14613180516 0 0 1.0752688172 0 0.163132137031 11.1111111111 
2018-2-25 0 0.374769115456 0.34965034965 0.641025641026 0 0.543075783757 1.61290322581 0 0 0.0304599451721 0 0 1.19904076739 0.879354551456 0 0.565108025223 0.31919744642 0 0 0 0.694903283133 0 0 8.33333333333 1.20481927711 0 0.523903077931 0 0.523175018393 0 0 0.416693842352 1.78571428571 0 0.0555247084953 0 0.440828097641 0.289855072464 0 0 0.495867768595 0.387418624399 0.718390804598 0 0 0 1.05263157895 0 0.48465266559 0 
2018-2-26 0 0.647590427612 0 0 0 0.391796755433 0 0 0 0 0 0 0 0.658720557618 0 0.476895060323 0.362072867165 0 0 0 0.744439196635 0 0 0 0.790513833992 0 0.64308681672 1.65745856354 0.420303912059 0 0 0.352457129704 1.72413793103 0 0.0554938956715 0 0.469817767654 0.568181818182 0 0 0.815660685155 0.479197573816 0.426136363636 0.279329608939 0 0 2.0618556701 0 0.479233226837 0 
2018-2-27 0 0.645052361801 0 0.319488817891 0 0.443257028356 0 0 5.55555555556 0 0 0 0.947867298578 0.697496798928 0 0.541935193114 0.448531060776 0 1.04166666667 4.16666666667 0.629224475276 0 0 0 0.583657587549 0 0.254614894971 1.62162162162 0.40003200256 0 0 0.449715275353 1.69491525424 0 0 0 0.420320167324 0.837988826816 0 0 0.644122383253 0.442080900805 0.561797752809 0.546448087432 7.14285714286 0 0 0 0.632911392405 0 
2018-2-28 0 0.710542487453 0.341296928328 0.31746031746 0 0.40334717958 0 0 0 0 0 0 0.704225352113 0.740228576077 0 0.53678243014 0.378282153983 0 0 0 0.752770767036 0 0 0 0.193798449612 0 0.376411543287 1.59574468085 0.522606698868 0 0 0.414236737002 1.66666666667 0 0.110619469027 0 0.485021965134 0 0 0 0.32 0.470240955585 0.415512465374 0.531914893617 0 0 0 0 0.155763239875 0 
2018-3-1 0 0.678481481793 0.3367003367 0 0 0.322638465675 0 0 0 0 0 0 0.697674418605 0.641833978457 0 0.518438273788 0.309460654288 0 0 0 0.741752879172 0 0 0 0.38240917782 0 0.434243176179 0.526315789474 0.454581080022 0 0 0.403191877261 0 0 0.0552181115406 0 0.469354490289 0 0 0 0.788643533123 0.409970272902 0.274348422497 1.03359173127 0 0 0 0 0.461538461538 0 
2018-3-2 0 0.568203104512 0 0 0 0.356188780053 0 0 0 0 0 0 0.231481481481 0.585400445744 12.5 0.418956119282 0.241439859526 0 0 3.84615384615 0.575255430583 0 0 0 1.11731843575 0 0.123076923077 0.520833333333 0.435323383085 0 0 0.350210265408 1.5873015873 0 0 1.28205128205 0.39253789351 0.275482093664 0 7.14285714286 0.467289719626 0.378792672176 0.542005420054 0.255102040816 0 0 0 0 0.152905198777 0 
2018-3-3 0 0.366090222461 0.333333333333 0 0 0.377358490566 0 0 0 0 0 0 0.45871559633 0.753754503621 0 0.532826912642 0.369886858138 0 1.0101010101 0 0.444643009106 0 2.0 0 0.91407678245 0 0.242277407632 0.512820512821 0.554059253559 0 0 0.395357822979 0 0 0 0 0.382883749567 0.273224043716 0 0 0.30959752322 0.308709201796 0.267022696929 0.5 0 0 0.980392156863 0 0.151745068285 0 
2018-3-4 0 0.341432460647 0.662251655629 0.311526479751 0 0.397498100193 1.5625 0 5.0 0 0 0 1.57303370787 0.74924670996 0 0.529021042805 0.537865748709 0 0 0 0.53931069352 0 0 0 0.5444646098 0 0.299401197605 0.507614213198 0.465151746225 0 0 0.409449464776 0 0 0 0 0.371364908873 0 0 6.66666666667 0.153374233129 0.306432164983 0.132802124834 0.973236009732 0 0 0 0 0.299850074963 0 
2018-3-5 0 0.598816912335 0.651465798046 0 0 0.429333952193 0 0 0 0 0 0 0.669642857143 0.556369878037 0 0.453312051077 0.553191489362 0 0 0 0.577540552938 0 1.96078431373 0 0.715563506261 0 0.355450236967 1.5 0.573671497585 0 0 0.378695333496 0 0 0.0550357732526 0 0.388657245816 0 0 0 0.608828006088 0.398601802158 0.262467191601 0.717703349282 0 0 0 0 0.592592592593 0 
2018-3-6 0 0.540081291409 0 0.308641975309 0 0.311436645712 0 0 0 0 0 0 0.22271714922 0.475569268148 0 0.419152193422 0.506435956953 0 0 0 0.63578564941 0 0 0 0.530035335689 0 0.352112676056 0.980392156863 0.620189793021 16.6666666667 0 0.331549793118 0 0 0 0 0.364315740308 0.268817204301 0 0 0.151745068285 0.378989198603 0.130548302872 0 0 0 0.961538461538 0 0.146198830409 0 
2018-3-7 0 0.533868120784 0.641025641026 0 0 0.343938091144 0 0 0 0 0 0 0.662251655629 0.45293948482 0 0.34493966177 0.314333612741 0 0.990099009901 0 0.50525712883 0 0 0 0.351493848858 0 0.638421358096 0 0.510808409831 0 0 0.302652899977 1.49253731343 0 0.0549450549451 0 0.310972900933 0 0 0 0.45045045045 0.35256696338 0.518134715026 0.917431192661 0 0 0 0 0.719424460432 0 
2018-3-8 0 0.499355356385 0.319488817891 0.305810397554 0 0.347499145494 0 0 0 0 0 0 0.21978021978 0.463738376814 9.09090909091 0.349238451675 0.229166666667 0 0 0 0.559338521401 0 1.88679245283 0 0.695652173913 0 0.575373993096 0 0.403906881105 0 0 0.26645882878 0 0 0 0 0.277415443405 0.266666666667 0 0 0.596125186289 0.321963209961 0 0.449438202247 0 0 0 0 0.42735042735 0 
2018-3-9 0 0.455062132743 0 0.903614457831 0 0.238122236081 0 0 0 0 0 0 0.871459694989 0.411898850327 0 0.309953766094 0.228026533997 0 0 0 0.450459508919 0 0 0 0.518134715026 0 0.399543378995 0 0.378898280385 0 2.5641025641 0.311320129827 0 0 0.109709270433 0 0.235302701421 0 0 0 0.589970501475 0.269107859391 0.384122919334 0.43956043956 0 0 0.934579439252 0 0.422535211268 0 
2018-3-10 0 0.256824410184 0 0.298507462687 0 0.343778178539 0 0 0 0 0 0 0.431965442765 0.454378157727 0 0.333645697103 0.309150865622 0 0.980392156863 0 0.321787620171 0 0 0 1.02214650767 0 0.733634311512 0.485436893204 0.383446679207 11.1111111111 0 0.33444375683 0 0 0.0548245614035 0 0.278955186031 0.263852242744 0 0 0.14684287812 0.219922947286 0.254452926209 0.215982721382 0 0 0.909090909091 0 0.140449438202 0 
2018-3-11 0 0.317964419895 0.617283950617 0.295857988166 0 0.347241669 1.53846153846 0 0 0 0 0 0.214132762313 0.563912265589 0 0.390473269958 0.429623567921 0 0 0 0.479644824989 0 0 0 0.508474576271 0 0.558035714286 0 0.587014102656 0 0 0.417685278391 0 0 0.0547645125958 0 0.380275879388 0 0 0 0.291545189504 0.290185552481 0.751879699248 0.423728813559 0 0 1.78571428571 0 0.139470013947 0 
2018-3-12 0 0.490744985458 0 0.294985250737 0 0.400511765033 0 0 0 0 0 0 0.213219616205 0.528466232683 0 0.348495778426 0.244100895037 0 0 0 0.499331603366 0 0 0 0.840336134454 0 0.606729178158 0 0.44065387349 0 0 0.369682164297 0 0 0.054704595186 0 0.267117798949 0 0 0 0.578034682081 0.301670396577 0.25 0 6.66666666667 0 0 0 0.413793103448 0 
2018-3-13 0 0.464867395739 0.306748466258 0.293255131965 0 0.276778300581 0 0 0 0 0 0 0.423728813559 0.452086049544 0 0.293112858558 0.182407782732 0 0 0 0.541762481974 0 0 0 0.833333333333 0 0.274423710209 0.961538461538 0.40205967412 0 0 0.319903834968 0 0 0.0546448087432 0 0.24580887034 0 0 0 0.430416068867 0.315373582871 0.248756218905 0.208333333333 0 12.5 1.73913043478 0 0.27397260274 0 
2018-3-14 0 0.515785838666 0.303951367781 0.583090379009 0 0.27007661357 0 0 0 0 0 0 0.42194092827 0.392182262739 0 0.309600635284 0.302541347317 0 0.952380952381 0 0.533683966277 0 0 0 0.49504950495 0 0.544069640914 0 0.433748425913 9.09090909091 0 0.389335046579 0 0 0.0546149645003 1.19047619048 0.294886872268 0 0 0 0.425531914894 0.330006095407 0.36855036855 0.204081632653 0 0 0 0 0.679347826087 0 
2018-3-15 0 0.504287167563 0 0.290697674419 0 0.339651583215 0 0 0 0 0 0 0.20964360587 0.465549647384 0 0.350621328965 0.340749649228 0 1.8691588785 0 0.529435460666 0 0 0 0.975609756098 0 0.43057050592 0 0.389105058366 0 0 0.438935072061 0 0 0 0 0.323787971103 0 0 0 0.42194092827 0.356671885001 0.607533414338 0.402414486922 0 0 0 0 0.539811066127 0 
2018-3-16 0 0.453502506671 0.900900900901 0 0 0.315714985575 0 0 0 0 0 0 0.623700623701 0.5378552663 0 0.354149099747 0.516590502682 0 0 0 0.500409079666 0 1.85185185185 0 0.8038585209 0 0.636604774536 1.39534883721 0.392670157068 15.3846153846 2.43902439024 0.457144304375 0 0 0 1.17647058824 0.324574427679 0.763358778626 0 0 0.557880055788 0.391683896164 0.120918984281 0.394477317554 0 0 0.847457627119 0 0.669344042838 0 
2018-3-17 0 0.337327721913 0.295857988166 0 0 0.540102619498 1.51515151515 0 0 0 0 0 0.205761316872 0.709483279613 0 0.463281726438 0.315457413249 0 0 0 0.504011326097 0 0 0 0.796178343949 0 0.67920585162 1.36363636364 0.436979380036 7.14285714286 0 0.574132056648 0 0 0 2.24719101124 0.412078517201 0.251889168766 0 0 0.277392510402 0.393363793031 0.239234449761 0.1953125 5.88235294118 0 0.840336134454 0 0.266666666667 0 
2018-3-18 0 0.312697208415 0.293255131965 0 0 0.557341907824 0 0 0 0 0 0 0.40899795501 0.560779727096 0 0.37313068365 0.294117647059 0 0 0 0.418143293769 0 0 0 0.158478605388 0 0.258933195236 0 0.298224210384 0 0 0.448472390918 0 0 0 0 0.34579787775 0 0 0 0.41265474553 0.367270210263 0.119047619048 0.193423597679 0 0 2.43902439024 0 0.133155792277 0 
2018-3-19 0 0.429363853391 0 0 0 0.431539690996 0 0 0 0 0 0 0.607287449393 0.352239324296 0 0.282831817122 0.214592274678 0 0 0 0.489393375512 0 0 0 0.157977883096 0 0.308166409861 0 0.296336206897 6.66666666667 0 0.33259835497 0 0 0 0 0.244202300554 0.744416873449 0 5.55555555556 0.409836065574 0.388581564548 0.471698113208 0.189035916824 0 0 2.38095238095 0 0.132450331126 0 
2018-3-20 0 0.421006521951 0 0 0 0.381558028617 0 0 0 0 0 0 0.201612903226 0.288362195254 0 0.257186227968 0.174893120871 0 0.925925925926 0 0.445142223864 0 0 0 0.313971742543 0 0.254841997961 0.446428571429 0.307857047249 6.25 0 0.347271395058 0 0 0 0 0.220946387024 0.492610837438 0 0 0.542740841248 0.325850968024 0.350877192982 0.186219739292 0 0 0 0 0.394218134034 0 
2018-3-21 0 0.413681454946 0.289855072464 0 0 0.342664347093 0 0 0 0 0 0 0.200803212851 0.255354934151 0 0.274027922003 0.135422712323 0 0 0 0.412745583622 0 0 0 0 0 0.202736948809 0.440528634361 0.312479223456 0 0 0.28725072272 0 0 0.0542888165038 1.04166666667 0.203018654419 0.488997555012 0 0 0.135135135135 0.284350676866 0 0.184501845018 0 0 1.5625 0 0.260416666667 0 
2018-3-22 0 0.460183391098 0.576368876081 0 100.0 0.325237370823 0 0 0 0 0 0 0 0.361410507439 0 0.302085922414 0.269541778976 0 0 0 0.45708666436 0 0 0 0.62015503876 0 0.551931761164 0.434782608696 0.376287298653 0 0 0.323423538656 0 0 0 2.04081632653 0.191919526157 0.484261501211 0 0 0 0.330713491263 0.231481481481 0.182149362477 0 0 0 0 0.259403372244 0 
2018-3-23 0 0.439783491204 0.571428571429 0 0 0.22992109526 0 0 0 0 0 0 0 0.368774468807 7.69230769231 0.244412743699 0.249233128834 0 0 0 0.403189354355 0 0 0 0.308166409861 0 0.546719681909 0 0.308176513016 11.1111111111 0 0.312558680469 0 0 0 0 0.184219616099 0.719424460432 0 0 0.402144772118 0.284429157296 0.459242250287 0.361010830325 5.55555555556 0 0.77519379845 0 0.258397932817 0 
2018-3-24 0 0.292172533092 0.56657223796 0 0 0.337574655934 0 0 0 0 0 0 0.198807157058 0.454079654767 0 0.309837335399 0.228745711018 0 1.78571428571 0 0.355884678985 0 0 0 0.611620795107 0 0.541871921182 0 0.319135078807 0 0 0.36866636596 1.40845070423 0 0.0542299349241 0 0.284039896179 0 0 0 0 0.261772448084 0.341685649203 0.352112676056 0 0 0 0 0.384122919334 0 
2018-3-25 0 0.367494754848 1.11731843575 0.285714285714 0 0.49576533774 1.49253731343 0 0 0 0 0 0.984251968504 0.74295089973 0 0.60092435478 0.491958372753 0 0 0 0.546135998572 0 0 0 0.455927051672 0 1.07160253288 0.854700854701 0.504625735913 0 0 0.598684446142 0 0 0 0.990099009901 0.597222671803 0.709219858156 0 0 0.397877984085 0.391331071178 0.451467268623 0.173611111111 0 0 0 0 0.253807106599 0 
2018-3-26 0 0.504333025369 0.277777777778 0 0 0.262399670714 0 0 0 0 0 0 0.195694716243 0.360909206741 0 0.313576168211 0.301431801055 0 0 3.22580645161 0.468151510853 0 0 0 0.151515151515 0 0.338983050847 0 0.385703265621 0 0 0.365797896662 0 0 0.0542005420054 0 0.344416905398 0.702576112412 0 0 0.65703022339 0.367371880864 0.446927374302 0.509337860781 0 10.0 0 0 0.377833753149 0 
2018-3-27 9.09090909091 0.46972243376 0 0 0 0.373669123669 1.47058823529 0 0 0 0 0 0.77519379845 0.361357714663 0 0.348073067498 0.225014063379 0 0 0 0.440722785368 0 1.75438596491 0 0.302114803625 0 0.623501199041 0 0.35764465449 0 2.38095238095 0.356039985121 0 0 0 0 0.36151901974 0.462962962963 0 0 0.131233595801 0.294414051253 0.769230769231 0.995024875622 0 0 0.769230769231 0 0.375469336671 0 
2018-3-28 0 0.389307879005 0.277008310249 0 0 0.381912618393 0 0 0 0.0304136253041 0 0 0.19305019305 0.242924493663 0 0.308613457025 0.280216700915 0 0 0 0.406717857018 0 0 0 0 0 0.238777459408 0.836820083682 0.203394139706 0 0 0.318510639548 0 0 0.0541418516513 0 0.231009431557 0.230414746544 0 0 0 0.256512221948 0.217864923747 0.818330605565 5.26315789474 0 0 0 0.745341614907 0 
2018-3-29 0 0.363598721582 0.547945205479 0 0 0.304259634888 4.22535211268 0 0 0 0 0 0.38240917782 0.295411470155 0 0.319074591732 0.186323830818 0 0 0 0.329693332868 0 0 0 0.300751879699 0 0.521327014218 0.826446280992 0.227776020247 0 0 0.329199338093 0 0 0 0.980392156863 0.263312342369 0.456621004566 0 0 0.391644908616 0.24856726116 0.5382131324 0.48231511254 0 0 0.763358778626 0 0.37037037037 0 
2018-3-30 0 0.285525038102 0 0.28328611898 0 0.358205943192 0 0 0 0 0 0 0.569259962049 0.374726731476 0 0.338316646093 0.444362155156 0 0 0 0.354074459776 0 1.72413793103 0 0.299401197605 0 0.46992481203 0.406504065041 0.226557583386 0 0 0.351075021942 0 0 0.0540540540541 0.970873786408 0.263502532464 0.226757369615 0 0 0.645161290323 0.225473138515 0.213219616205 0.627943485086 0 0 0.757575757576 0 0.122549019608 0 
2018-3-31 0 0.243073213012 0.815217391304 0 0 0.301159463936 1.38888888889 0 0 0 0 0 0 0.419543266663 0 0.369815092454 0.514989884127 0 0 3.0303030303 0.324731405672 0 1.66666666667 0 0.149031296572 0 0.372439478585 0.403225806452 0.318969291388 0 0 0.36850921273 0 0 0 0 0.357607792086 0 0 0 0.384122919334 0.215083433269 0.318133616119 0.618238021638 0 0 0 0 0.48602673147 0 
2018-4-1 0 0.214882610426 0.271002710027 0.281690140845 0 0.240096038415 0 0 0 0 0 0 0.562851782364 0.33920211391 0 0.294747882065 0.365697568111 0 0 0 0.264964470673 0 1.61290322581 0 0.739644970414 0 0.323475046211 0 0.317381293173 10.0 0 0.329790290147 0 0 0 0.917431192661 0.274635250059 0.225225225225 0 0 0.63371356147 0.200051421668 0.315457413249 0.454545454545 0 0 0 0 0.121212121212 0 
2018-4-2 0 0.24448484004 0 0 0 0.244145490782 0 0 0 0 0 0 0.186567164179 0.170446081745 0 0.223439527173 0.200510390084 0 0 2.94117647059 0.248632521134 0 0 0 0.147275405007 0 0.184416781927 0.396825396825 0.278810408922 0 0 0.259209668006 0 0 0 0.900900900901 0.127632418634 0 0 0 0.126422250316 0.154519521199 0.312825860271 0.3003003003 0 0 0 0 0.481347773767 0 
2018-4-3 0 0.341846474138 0 0.280898876404 0 0.198659051403 0 0 0 0 0 0 0.185528756957 0.165452207458 0 0.19668597602 0.145480996545 0 0 0 0.329312198202 0 1.5873015873 0 0.292397660819 0 0.137994480221 0.787401574803 0.301947251664 0 0 0.216677310464 0 0 0 0 0.152081813808 0.223713646532 0 0 0.377833753149 0.351402310505 0.310559006211 0.595238095238 0 0 0 0 0.119331742243 0 
2018-4-4 0 0.376844055815 0.268096514745 0 0 0.16346344363 0 0 0 0 0 0 0 0.237192191166 0 0.215665744942 0.126995645864 0 0 0 0.38688001629 0 0 0 0.578034682081 0 0.365965233303 0.390625 0.220764089042 0 0 0.245892795284 0 0 0.0539956803456 0 0.197820879376 0.663716814159 0 0 0.125628140704 0.348571271114 0.514403292181 0.295420974889 0 0 0 0 0.473933649289 0 
2018-4-5 8.33333333333 0.282011745836 0 0.277777777778 0 0.393952824149 0 0 0 0 0 0 0.550458715596 0.378260229448 0 0.346962741539 0.270855904659 0 0 0 0.320940524653 0 0 0 0.14409221902 0 0.635208711434 0 0.329228142909 0 0 0.392862989033 0 0 0 0 0.302732274026 0.21978021978 0 0 0.125156445557 0.31257810173 0.307062436029 0.146627565982 0 0 0 0 0.117924528302 0 
2018-4-6 0 0.15843103763 0 0 0 0.376988984088 0 0 0 0 0 0 0.727272727273 0.522223283461 0 0.392357858645 0.359066427289 0 0 0 0.249120503627 0 0 0 0.286944045911 0 0.360847992783 0 0.333636639369 0 0 0.432109490156 0 0 0.0539665407447 0 0.378747384658 0.436681222707 0 0 0 0.268007842469 0.40733197556 0 0 0 0.740740740741 0 0 0 
2018-4-7 0 0.109950522265 0 0 0 0.180611149077 0 0 0 0 0 0 0.180831826401 0.377349004536 0 0.284927844662 0.28551034975 0 0 0 0.174651955598 0 0 0 0 0 0.2689376961 0 0.175470442307 4.54545454545 0 0.33558356421 0 0 0 0 0.226605630161 0.217864923747 0 0 0 0.157480850601 0 0 0 0 0.735294117647 0 0 0 
2018-4-8 0 0.0512246075609 0 0 0 0.150976476891 0 0 0 0 0 0 0.180505415162 0.218534510357 0 0.160517867481 0.160227879651 0 0 0 0.0989351890668 0 0 0 0.143266475645 0 0.267857142857 0.387596899225 0.0725163161711 4.34782608696 0 0.165072448463 0 0 0 0 0.11685256848 0.217391304348 0 0 0 0.0825455274252 0 0 0 0 0 0 0 0 
2018-4-9 0 0.0545710163158 0.266666666667 0 0 0.131246354268 0 0 0 0 0 0 0 0.159968006399 0 0.154846159903 0.0710479573712 0 0 0 0.0770532169718 0 0 0 0 0 0.488237905016 0 0.102576479817 0 0 0.179562068067 0 0 0.10781671159 0 0.109067773503 0 0 0 0.124688279302 0.0861644927659 0 0 0 0 0 0 0 0 
2018-4-10 0 0.0606801723687 0.265957446809 0 0 0.20354754289 0 0 0 0 0 0 0.359712230216 0.17150662614 0 0.166641946657 0.194862710363 0 0 0 0.102042523294 0 0 0 0 0 0.309323906319 0 0.0843525938423 0 0 0.218181416467 0 0 0 0.877192982456 0.108871516489 0 0 0 0.248756218905 0.0928184281843 0 0 0 0 0 0 0.117647058824 0 
2018-4-11 0 0.0375555637644 0 0 0 0.140286377709 0 0 0 0.0303951367781 0 0 0 0.0985074461668 0 0.158420667804 0.0530879490356 0 0 0 0.0735367851055 0 0 0 0.143061516452 0 0.13221683561 0 0.066221178737 0 0 0.166934790753 0 0 0 0.862068965517 0.0890848419876 0 0 0 0 0.0568606811774 0 0 0 0 0 0 0 0 
2018-4-12 0 0.0774821975427 0.791556728232 0.275482093664 0 0.212232297897 0 0 0 0.030385900942 0 0 0.179533213645 0.2445965398 0 0.198710550749 0.141193081539 0 0 0 0.14679143939 0 0 0 0 0 0.262927256792 0 0.156156156156 0 0 0.221823233238 0 0 0.0538502961766 0 0.179179088746 0 0 0 0.124223602484 0.123651990594 0.101729399797 0 0 0 0 0 0.117508813161 0 
2018-4-13 0 0.0672536260146 0 0 0 0.211660573408 0 0 0 0 0 0 0.357781753131 0.198804423742 0 0.177346379106 0.281491907108 0 0 0 0.101607395686 0 0 0 0 0 0.261780104712 0 0.107958975589 0 0 0.203574594766 0 0 0 0 0.156177261191 0 0 0 0.123915737299 0.108257227266 0.10162601626 0 0 0 0 0 0 0 
2018-4-14 0 0.0494024148882 0.262467191601 0 0 0.167930141061 0 0 0 0 0 0 0.356506238859 0.209999369454 0 0.164788708091 0.140474100088 0 0 0 0.086515264953 0 0 0 0 0 0.0869565217391 0 0.0778676250374 0 0 0.193692710607 0 0 0.05382131324 0 0.103407966909 0 0 0 0 0.0818548373514 0 0 0 0 0 0 0.117370892019 0 
2018-4-15 0 0.0692692704965 0 0.273224043716 0 0.200870438567 0 0 0 0 0 0 0.530973451327 0.185913244131 0 0.194358445132 0.0525854513585 0 0 0 0.103002010201 0 0 0 0 0 0.129926375054 0 0.119552872258 0 0 0.209887552472 0 0 0 0 0.121119684192 0.431965442765 0 0 0.123609394314 0.102910068035 0 0.146412884334 0 0 0 0 0 0 
2018-4-16 0 0.164719976041 0.260416666667 0 0 0.432488950145 0 0 0 0 0 0 0.176366843034 0.597095868867 0 0.436490988298 0.417972831766 0 0 0 0.287945985305 0 0 0 0.142857142857 0 0.599828620394 0 0.38061254832 0 0 0.43368600701 0 0 0.10752688172 0 0.398009950249 0 0 0 0.490797546012 0.279291256576 0.202839756592 0 0 0 0.719424460432 0 0 0 
2018-4-17 0 0.160613439718 0 0.540540540541 0 0.495399858457 1.33333333333 0 0 0 0 0 0.526315789474 0.553105975212 0 0.432614006515 0.432750562576 0 0 0 0.276980908102 0 0 0 0.14245014245 0 0.550381033023 0 0.349112426036 0 0 0.434999490444 0 0 0.107353730542 0 0.330817740101 0.215517241379 0 0 0.366748166259 0.253866374882 0.202224469161 0 0 0 0 0 0.233644859813 0 
2018-4-18 0 0.151692480734 0.259067357513 0.269541778976 0 0.407857109371 0 0 0 0 0 0 0.349040139616 0.517180153312 0 0.405346187555 0.344115622849 0 0 0 0.251396648045 0 0 0 0 0 0.461215932914 0 0.32385326503 0 0 0.455845310811 0 0 0.0536193029491 0.813008130081 0.363919174725 0.642398286938 0 0 0.243309002433 0.225329269873 0.10101010101 0 0 0 0.709219858156 0 0 0 
2018-4-19 0 0.132844014437 0 0.267379679144 0 0.37296037296 0 0 0 0 0 0 0.173913043478 0.452693886644 0 0.380065799938 0.291145744134 0 0 0 0.243942370661 0 0 0 0.142045454545 0 0.415627597672 0 0.205314718132 0 2.27272727273 0.399515290059 0 0 0.107009095773 0 0.31956340926 0 0 5.0 0 0.242323926177 0.201409869084 0 0 0 0.699300699301 0 0 0 
2018-4-20 0 0.140696340987 0.512820512821 0.79575596817 0 0.269166511973 0 0 0 0 0 0 0.346620450607 0.41237493709 0 0.359466790927 0.306748466258 0 0 0 0.190967404965 0 0 0 0.141843971631 0 0.494233937397 0 0.233699462491 4.0 0 0.382817388744 0 0 0.053447354356 0.806451612903 0.29174831265 0 0 0 0.120918984281 0.20221946585 0 0 0 0 0 0 0.11655011655 0 
2018-4-21 0 0.1186766198 0.255102040816 0 0 0.295789619633 0 0 0 0 0 0 0.343053173242 0.421109970459 0 0.3187297172 0.220825547817 0 0 0 0.193716425199 0 0 0 0 0 0.327332242226 0 0.168909080319 0 2.22222222222 0.357720005648 0 0 0 0 0.275911881546 0.213675213675 0 0 0.120627261761 0.175313953412 0.100401606426 0 0 0 0.684931506849 0 0 0 
2018-4-22 0 0.110014316932 0.253807106599 0 0 0.239300506213 0 0 0 0 0 0 0.341296928328 0.341462271154 0 0.30225662988 0.270727580372 0 0 0 0.227147353733 0 0 0 0.14164305949 0 0.406834825061 0 0.197456298275 0 2.17391304348 0.357789195598 1.3698630137 0 0.0533902829685 0 0.217147458943 0 0 0 0 0.178068400565 0 0 0 0 0.680272108844 0 0 0 
2018-4-23 0 0.125726007538 0.503778337531 0.263852242744 0 0.220173386542 1.2987012987 0 0 0 0 0 0.506756756757 0.315175329236 0 0.245218646459 0.151873101586 0 0 0 0.226398007698 0 3.07692307692 0 0 0 0.323493732309 0 0.214070816941 0 0 0.281598277281 0 0 0 0 0.223393286745 0.213219616205 0 0 0.478468899522 0.195126734324 0.100300902708 0 0 0 1.34228187919 0 0 0 
2018-4-24 0 0.0889006355194 0.251256281407 0.263157894737 0 0.292344235337 0 0 0 0 0 0 0.168634064081 0.240919055845 0 0.231969288573 0.0841892574507 0 0 0 0.156514723679 0 0 0 0.282485875706 0 0.281576830249 0 0.14426683594 0 0 0.273259261169 0 0 0 0 0.182760540857 0 0 0 0 0.156503707182 0 0 5.0 0 0 0 0 0 
2018-4-25 0 0.0651078780532 0.5 0.261780104712 0 0.291041382447 0 0 0 0 0 0 0.16835016835 0.164319913874 0 0.247287162217 0.0672608037666 0 0 0 0.112741387363 0 0 0 0.141043723554 0 0.160384923817 0 0.092181828657 0 0 0.304464799146 0 0 0 0 0.104049373566 0 0 0 0.357142857143 0.101883046075 0.100200400802 0 0 0 0.666666666667 0 0 0 
2018-4-26 0 0.0623426447668 0.249376558603 0 0 0.285222745382 0 0 0 0 9.09090909091 0 0 0.138523020778 0 0.247911788773 0.0671591672263 0 0 0 0.138210336848 0 0 0 0 0 0.159744408946 0 0.114955742039 0 0 0.315434834844 0 0 0.0533049040512 0 0.0882172991278 0 0 0 0.118764845606 0.110778306944 0 0 0 0 0 0 0 0 
2018-4-27 0 0.127115729151 0 0 0 0.337807404738 0 0 0 0 8.33333333333 0 0.833333333333 0.398796202622 0 0.339078608247 0.317513368984 0 0 0 0.17628487636 0 0 0 0.140845070423 0 0.514647664291 0 0.189025088785 0 0 0.401749389748 0 0 0.0532765050613 0 0.254834782116 0 0 0 0.472813238771 0.189445459138 0.0999000999001 0 0 0 0 0 0.116144018583 0 
2018-4-28 0 0.119726510017 0 0.260416666667 0 0.22888430123 0 0 0 0.0303398058252 0 0 0.332225913621 0.402163150278 0 0.247774837623 0.13340003335 0 0 0 0.199747519136 0 0 0 0.140449438202 0 0.275373721479 0 0.159826474114 3.7037037037 0 0.305832075911 0 0 0 0 0.190371435824 0 0 0 0 0.166650518361 0.0998003992016 0 0 0 0 0 0 0 
2018-4-29 0 0.0525069064482 0.490196078431 0 0 0.219111925949 0 0 0 0 0 0 0 0.136807223421 0 0.202157411107 0.149675702644 0 0 0 0.119643939636 0 0 0 0 0 0.274079874706 0 0.10827444723 3.57142857143 0 0.234153037177 0 0 0 0 0.0774342512812 0.210970464135 0 0 0.117924528302 0.0793422975078 0 0 0 0 0 0 0 0 
2018-4-30 0 0.0985849632615 0.729927007299 0.25974025974 0 0.178332590281 1.26582278481 0 0 0 0 0 0.165562913907 0.254086323747 0 0.199839173255 0.1161632924 0 0 0 0.159103926685 0 0 0 0 0 0.77489345215 0 0.130704097289 3.44827586207 0 0.225790392091 0 0 0 0 0.129168129168 0.420168067227 0 0 0.117785630153 0.145733202077 0.0997008973081 0 0 0 0 0 0.115874855156 0 
2018-5-1 0 0.107042504795 0 0.259067357513 0 0.137808401867 0 0 0 0.030330603579 0 0 0 0.265072712837 0 0.19276382069 0.14898195663 0 0 0 0.195108023223 0 0 0 0.140252454418 0 0.652340752111 0 0.192514580148 0 0 0.263501971255 0 0 0.106157112527 0 0.239053850025 0 0 0 0.117508813161 0.1424844278 0 0 0 0 0 0 0 0 
2018-5-2 0 0.0825611784272 0.484261501211 0 0 0.23022092354 0 0 0 0 0 0 0.493421052632 0.203853175627 0 0.234652761318 0.115626032375 0 0 0 0.136119025008 0 0 0 0.140056022409 0 0.381388253242 0 0.0847553395864 3.33333333333 0 0.262516968777 0 0 0 0 0.107429368678 0.20964360587 0 0 0 0.113385221486 0 0 0 0 0.653594771242 0 0 0 
2018-5-3 0 0.167691778955 0.240963855422 0.258397932817 0 0.229337567258 0 0 0 0.0303214069133 0 0 0.97244732577 0.343973000237 0 0.278295323224 0.181099769509 0 0 0 0.161022969453 0 0 0 0 0 0.341815419673 0 0.264341957255 0 0 0.354997269252 0 0 0.0530222693531 0 0.272006883439 0 0 0 0.234192037471 0.195050007502 0.0995024875622 0 0 0 1.29032258065 0 0 0 
2018-5-4 0 0.134554874731 0.240384615385 0 0 0.189085792182 0 0 0 0 0 0 0.161812297735 0.285168038366 0 0.241882456085 0.180416598327 0 0 0 0.137027295207 0 1.51515151515 0 0 0 0.264051301396 0 0.196221337669 0 0 0.286283603712 0 0 0.0529941706412 0 0.19769403047 0 0 0 0.116959064327 0.157612191223 0.0994035785288 0 0 0 0.641025641026 0 0 0 
2018-5-5 0 0.0682402292399 0 0 0 0.157915515199 0 0 0 0 7.69230769231 0 0.322580645161 0.18642324505 0 0.147557110067 0.0163907556138 0 0 0 0.0865079115417 0 0 0 0.278551532033 0 0.225309800976 0 0.117495663851 0 0 0.175056215235 0 0 0 0 0.110335696356 0 0 0 0.116822429907 0.0794965641585 0.0993048659384 0 0 0 0.636942675159 0 0.115473441109 0 
2018-5-6 0 0.0799608162495 0 0.257731958763 0 0.131314015583 0 0 0 0.030312215823 0 0 0.16051364366 0.250423528485 0 0.170424036793 0.179679843189 0 0 0 0.144411132215 0 0 0 0 0 0.48453224003 0 0.133936045538 0 0 0.201502916878 0 0 0 0 0.132076769622 0 0 0 0 0.0927095967133 0.0992063492063 0 0 0 0 0 0 0 
2018-5-7 0 0.113402395883 0 0.25706940874 0 0.113581757022 0 0 0 0 0 0 0 0.222351477312 0 0.169123351435 0.13037809648 0 0 0 0.142534928889 0 0 0 0 0 0.333951762523 0 0.172500139113 0 4.16666666667 0.20676949611 0 0 0.0528820729773 0 0.197414419478 0.207468879668 0 0 0.11655011655 0.133696616398 0 0 0 0 0 0 0 0 
2018-5-8 0 0.116146750684 0 0 0 0.152485513876 0 0 0 0 0 0 0.32 0.3009384786 0 0.240241632098 0.227346541085 0 0 0 0.140673356466 0 0 0 0.277392510402 0 0.184842883549 0 0.155348424323 0 0 0.295110434715 0 0 0.0528262017961 0.746268656716 0.176246362357 0 0 0 0.232018561485 0.117601312582 0 0 0 0 0.62893081761 0 0 0 
2018-5-9 0 0.0743011870569 0 0.255102040816 0 0.178160170339 2.43902439024 0 0 0 0 0 0.318979266348 0.253529214254 0 0.187804990687 0.178166504697 0 0 0 0.113909434198 0 0 0 0.275862068966 0 0.257826887661 0 0.132846230488 0 0 0.251255060335 0 0 0.158227848101 0 0.1348994386 0 0 0 0 0.101301455459 0 0 0 0 0 0 0 0 
2018-5-10 0 0.126930337816 0 0.506329113924 0 0.259807742271 0 0 0 0.0302938503484 0 0 0.15923566879 0.390830951103 0 0.266670753575 0.226025185664 0 0 0 0.233288749261 0 0 0 0 0 0.476364968853 0 0.275709953129 0 0 0.320318964141 0 0 0 0 0.238708802387 0.206611570248 0 0 0 0.1549089123 0.0990099009901 0 0 0 0 0 0.115074798619 0 
2018-5-11 0 0.10097758005 0 0 0 0.237375917134 1.20481927711 0 0 0 0 0 0.316957210777 0.301351992124 0 0.22362315301 0.289342549429 0 0 0 0.135017691973 0 0 0 0.137551581843 0 0.327988338192 0 0.17593050745 0 0 0.295896484422 0 0 0.0527148128624 0 0.185152649575 0.20618556701 0 0 0 0.16551143662 0 0 0 0 0 0 0.114810562572 0 
2018-5-12 0 0.106376449891 0 0.252525252525 0 0.197806923242 0 0 0 0 0 0 0.629921259843 0.340403121559 0 0.237157755515 0.256081946223 0 0 0 0.127003794626 0 0 0 0.137174211248 0 0.398839738941 0 0.142575126124 0 2.04081632653 0.299461545106 0 0 0 0 0.191235488997 0.205338809035 0 0 0 0.138509797531 0 0 0 0 0 0 0.114547537228 0 
2018-5-13 0 0.0997939925184 0 0 0 0.171556013038 1.19047619048 0 0 0 0 0 0.936037441498 0.293318719024 0 0.187129718017 0.270830014338 0 0 0 0.171489486613 0 0 0 0.13698630137 0 0.396396396396 0 0.164104808271 0 0 0.251990341167 0 0 0.0525762355415 0 0.198588412098 0.612244897959 0 0 0 0.146948014795 0.098814229249 0 0 0 0 0 0 0 
2018-5-14 0 0.132506647174 0.238663484487 0.502512562814 0 0.166852057842 0 0 0 0 0 0 0.311041990669 0.275482093664 0 0.218945588246 0.254048904414 0 0 0 0.146455770357 0 0 0 0 0 0.32281205165 0 0.158201952976 0 0 0.274858759753 0 0 0.104931794334 0 0.216548589761 0.608519269777 0 0 0.114942528736 0.187378017223 0.0987166831194 0 0 0 0 0 0.114416475973 0 
2018-5-15 0 0.133134116635 0.945626477541 0 0 0.187681283057 0 0 0 0 0 0 0 0.303062514025 0 0.243614517621 0.31640563202 0 0 0 0.138470059696 0 1.49253731343 0 0 0 0.35701535166 0 0.222923010004 0 0 0.29370178119 0 0 0.0523834468308 0 0.2276418435 0 0 0 0.114547537228 0.162019112658 0.0986193293886 0 0 0 0.621118012422 0 0 0 
2018-5-16 0 0.111436133166 0.235294117647 0.249376558603 0 0.221154255093 1.17647058824 0 0 0 0 0 0.309119010819 0.299520156484 0 0.211209059521 0.283464566929 0 0 0 0.127425693933 0 0 0 0.136612021858 0 0.213295414149 0 0.168049005258 0 0 0.297250550551 0 0 0 0.735294117647 0.212181892928 0.403225806452 0 0 0.114285714286 0.165652279115 0 0 4.7619047619 0 0 0 0 0 
2018-5-17 0 0.0762374085079 0 0 0 0.173964697895 0 0 0 0.0302663438257 0 0 0.307219662058 0.203896055197 0 0.197867510901 0.125707102451 0 0 0 0.130242250586 0 0 0 0 0 0.212314225053 0 0.162153397114 0 0 0.234582556102 0 0 0 0.729927007299 0.129641633485 0 0 0 0 0.11457165683 0.0985221674877 0 0 0 0.617283950617 0 0.114155251142 0 
2018-5-18 0 0.11519403538 0 0 0 0.266328471782 0 0 0 0 0 0 0.610687022901 0.315785545698 0 0.250600474431 0.328587075575 0 0 0 0.128436439253 0 0 0 0.272479564033 0 0.352112676056 0 0.21015195603 0 0 0.314720574095 0 0 0.104493207941 0 0.178029803508 0 0 0 0.113895216401 0.162483589466 0.196463654224 0 0 0 0 0 0.113895216401 0 
2018-5-19 0 0.115014275641 0 0 0 0.256885370168 0 0 0 0 0 0 0.606060606061 0.368699071991 0 0.250214681235 0.2027448534 0 0 0 0.143408546539 0 0 0 0.135869565217 0 0.384749912557 0 0.214788165172 0 0 0.301210445698 0 0 0.0521648408972 0.724637681159 0.201022191273 0 0 0 0.227272727273 0.171655567095 0.0981354268891 0 0 0 0 0 0 0 
2018-5-20 0 0.0886128197061 0 0 0 0.184757505774 0 0 0 0 0 0 0.151285930408 0.247130856944 0 0.194031502453 0.0467216944401 0 0 0 0.13398906771 0 0 0 0 0 0.278551532033 0 0.128582909188 0 0 0.235900633256 0 0 0 0 0.12715474864 0.200803212851 0 0 0 0.12551799245 0 0 0 0 0 0 0 0 
2018-5-21 0 0.117867095484 0.2331002331 0.248138957816 0 0.309493935592 0 0 0 0 0 0 0 0.315554564739 0 0.239540317722 0.248177446875 0 0 0 0.165565428723 0 0 0 0 0 0.414937759336 0 0.224275110803 0 0 0.256790581255 0 0 0.0520833333333 0 0.212879886116 0 0.00267179651598 0 0.339750849377 0.164224782287 0.195694716243 0 0 0 0.609756097561 0 0 0 
2018-5-22 0 0.100723192522 0.46403712297 0 0 0.200175153259 0 0 0 0 0 0 0.301204819277 0.220106411487 0 0.178771604622 0.185586142901 0 0 0 0.13794776176 0 0 0 0.135685210312 0 0.275482093664 0 0.159761422942 0 0 0.241591640837 0 0 0.0520562207184 0 0.158845893443 0.2 0 0 0.113122171946 0.167829940494 0 0 0 0 0 0 0 0 
2018-5-23 0 0.0557864013458 0.230946882217 0.247524752475 0 0.145681581686 0 0 0 0 0 0 0.15037593985 0.116822964057 0 0.137401790608 0.138931769065 0 0 0 0.0772154006874 0 0 0 0 0 0.274725274725 0 0.0425690416644 0 2.0 0.199923531552 0 0 0 0.719424460432 0.0728142715972 0 0 0 0.225733634312 0.0838181940544 0 0 0 0 0 0 0 0 
2018-5-24 0 0.0798538502195 0 0 0 0.128774976114 1.16279069767 0 0 0 0 0 0 0.147796059684 0 0.155975539537 0.12320961035 0 0 0 0.105807309774 0 0 0 0 0 0.273410799727 0 0.100897456322 0 0 0.207115401395 0 0 0 0 0.0947522811936 0 0 0 0.11273957159 0.110564397653 0 0 0 0 0 0 0.113378684807 0 
2018-5-25 0 0.053098970741 0.230414746544 0.246913580247 0 0.215365500104 0 0 0 0 0 0 0.299401197605 0.143339817754 0 0.159195155815 0.0768521364894 0 0 0 0.0890579480445 0 0 0 0 0 0.238419618529 0 0.143091843765 0 0 0.189106027583 0 0 0.0519750519751 0 0.0816622810997 0 0 0 0.112485939258 0.0936363858185 0 0 0 0 0 0 0 0 
2018-5-26 0 0.0582137275425 0.229357798165 0 0 0.128120350471 0 0 0 0 0 0 0.149476831091 0.20343688127 0 0.1855274124 0.122661760196 0 0 0 0.102469824144 0 0 0 0 0 0.20366598778 0 0.132212174097 0 0 0.19583586307 0 0 0 0.714285714286 0.106103541529 0 0 0 0.112359550562 0.100507410137 0 0 0 0 0 0 0 0 
2018-5-27 0 0.0415548983195 0.228832951945 0 0 0.107251876908 0 0 0 0 0 0 0.298062593145 0.1091206281 0 0.12219458584 0.030637254902 0 0 0 0.0767563662633 0 0 0 0 0 0.0677966101695 0 0.100348579275 0 0 0.175725322201 0 0 0 0 0.0775414200419 0 0 0 0.224215246637 0.0748450615951 0 0 0 0 0 0 0 0 
2018-5-28 0 0.0724297460092 0.227790432802 0 0 0.156436540282 0 0 0 0 0 0 0.148588410104 0.152880337827 0 0.140618577517 0.152905198777 0 0 0 0.0991780245541 0 0 0 0 0 0.202565833896 0 0.163381469379 0 0 0.181128169743 0 0 0.0519480519481 0 0.109623668395 0 0 0 0.111982082867 0.112683072026 0 0 0 0 0 0 0.113250283126 0 
2018-5-29 0 0.0629231222453 0 0 0 0.15196944182 0 0 0 0 0 0 0.148148148148 0.138347179317 0 0.155316349203 0.0915471467806 0 0 0 0.115478636452 0 0 0 0 0 0.101078167116 0 0.0999789517996 0 0 0.181531747684 0 0 0.0519210799585 0 0.118407166208 0 0 0 0.111856823266 0.100085831182 0 0 0 0 0 0 0.225988700565 0 
2018-5-30 0 0.0648628878558 0.227272727273 0 0 0.139338551699 0 0 0 0.0302571860817 0 0 0.441826215022 0.163380332334 0 0.148420079014 0.152253349574 0 0 0 0.125750385485 0 0 0 0 0 0.201477501679 0 0.178412132025 0 0 0.191384104286 0 0 0 0 0.109191341769 0.198807157058 0 0 0 0.101154493804 0.09765625 0 0 0 0 0 0.112866817156 0 
2018-5-31 0 0.0662247874812 0.226757369615 0 0 0.216441377057 0 0 0 0 0 0 0.728862973761 0.203611243641 0 0.165076642727 0.121543603768 0 0 0 0.143416295677 0 0 0 0.135317997294 0 0.401337792642 0 0.120399937183 0 0 0.214149139579 0 0 0 0 0.155026841424 0 0 0 0.111731843575 0.124552954656 0.0975609756098 0 0 0 0 0 0 0 
2018-6-1 0 0.0721389630238 0 0.2457002457 0 0.183306855676 0 0 0 0 0 0 0.145348837209 0.223208805141 0 0.167455250257 0.0455373406193 0 0 0 0.102917487023 0 0 0 0 0 0.166666666667 0 0.12014208107 0 0 0.218359212113 0 0 0.155440414508 0 0.127859252535 0 0 0 0 0.110163071528 0 0 0 0 0.602409638554 0 0 0 
2018-6-2 0 0.0618161411345 0 0 0 0.142212831661 0 0 0 0 0 0 0 0.243293310768 0 0.170509040531 0.227031935826 0 0 0 0.10869403374 0 0 0 0.134952766532 0 0.265428002654 0 0.114666944647 0 0 0.191749840208 0 0 0.103412616339 0.699300699301 0.123779748612 0 0 0 0.332963374029 0.0994527087301 0 0 0 0 0 0 0 0 
2018-6-3 0 0.0776799585707 0 0 0 0.15001013582 0 0 0 0 0 0 0.2886002886 0.20194899624 0 0.162259445059 0.0604412209127 0 0 0 0.124825393051 0 0 0 0 0 0.198347107438 0 0.161206448258 0 0 0.18493184259 0 0 0 0 0.127336627107 0 0.00267172513292 0 0.220994475138 0.122738882053 0.194741966894 0 0 0 0.591715976331 0 0.112485939258 0 
2018-6-4 0 0.0835495485767 0 0 0 0.149712713442 0 0 0 0 0 0 0.287769784173 0.215432001927 0 0.184372814546 0.135603435287 0 0 0 0.123099740452 0 0 0 0.268817204301 0 0.230566534914 0 0.16077170418 0 0 0.1986057609 0 0 0 0 0.166380897949 0 0 0 0.11013215859 0.153379297097 0 0 0 0 0 0 0.112107623318 0 
2018-6-5 0 0.096762293919 0 0.245098039216 0 0.201775625504 0 0 0 0.0302480338778 0 0 0.286944045911 0.260794355398 0 0.190799386062 0.135155428743 0 0 0 0.156865066446 0 0 0 0.134228187919 0 0.164149704531 0 0.150033628227 0 0 0.250537815275 0 0 0.051652892562 0.694444444444 0.19622985479 0 0 0 0.21978021978 0.149442361369 0 0 0 0 0 0 0.111982082867 0 
2018-6-6 0 0.0742607231634 0 0.244498777506 0 0.241351568785 0 0 0 0.030238887209 0 0 0.570613409415 0.248407713136 0 0.206289731823 0.0899145811479 0 0 0 0.141772750096 0 0 0 0.134048257373 0 0.130847235852 0 0.12909888975 0 0 0.233819059342 0 0 0.0515995872033 0 0.142729029569 0 0 0 0.218340611354 0.140773086338 0 0 0 0 0 0 0 0 
2018-6-7 0 0.0804031481796 0.224215246637 0.243902439024 0 0.152518563115 1.13636363636 0 0 0 0 0 0 0.239030593294 0 0.186777287322 0.119653006282 0 0 0 0.126768867925 0 0 0 0 0 0.162866449511 0 0.128846054734 0 0 0.227782419419 0 0 0.103092783505 0 0.109687830955 0 0 0 0.109051254089 0.124401114539 0.194174757282 0 0 0 0.588235294118 0 0.111607142857 0 
2018-6-8 0 0.0808759487371 0 0.966183574879 0 0.176077474089 1.12359550562 0 0 0 0 0 0.846262341326 0.292193452517 0 0.196612958328 0.0597460791636 0 0 0 0.17205629329 0 0 0 0.267022696929 0 0.259403372244 0 0.174735327372 0 0 0.251532640085 0 0 0 0 0.155941496787 0 0 0 0 0.138744570056 0 0 0 0 0 0 0.111482720178 0 
2018-6-9 0 0.0624371390794 0.223713646532 0 0 0.147745877091 0 0 0 0 0 0 0.140845070423 0.235890475705 0 0.175186135269 0.16390999851 0 0 0 0.108650966113 0 1.44927536232 0 0 0 0.322580645161 0 0.102585145671 0 0 0.209736125737 0 0 0.0515198351365 0 0.140544610365 0 0 0 0.432432432432 0.111772032616 0.0967117988395 0 0 0 0 0 0.11135857461 0 
2018-6-10 0 0.0378362199922 0.223214285714 0 0 0.12752560475 0 0 0 0 0 0 0.280504908836 0.111692905119 0 0.131787946258 0.089272429698 0 0 0 0.0835936468828 0 0 0 0 0 0.160823415889 0 0.0563755637556 0 0 0.161722717465 0 0 0 0 0.071446477814 0 0 0 0.107874865156 0.0662273290192 0.0966183574879 0 0 0 0 0 0.111234705228 0 
2018-6-11 0 0.0440214124665 0 0 0 0.127282128794 0 0 0 0 0 0 0.140056022409 0.0944578938267 0 0.106626785479 0.133610451306 0 0 0 0.0571512309496 0 0 0 0.133333333333 0 0.192616372392 0 0.102343670044 0 0 0.141387951136 0 0 0.0514933058702 0 0.0838705639357 0.198412698413 0 0 0.10764262648 0.0726849832825 0.0965250965251 0 0 0 0 0 0.111111111111 0 
2018-6-12 0 0.076671984846 0.22271714922 0 0 0.17058076801 0 0 0 0 0 0 0.278940027894 0.186057943143 0 0.155357771686 0.118588793359 0 0 0 0.127271131396 0 0 0 0.132978723404 0 0.191754554171 0 0.127661747434 0 0 0.196950306921 0 0 0.0514403292181 0.671140939597 0.152338140725 0 0 0 0.32154340836 0.113141939822 0 0 0 0 0 0 0 0 
2018-6-13 0 0.0726502706082 0.221729490022 0.240384615385 0 0.20570433957 0 0 0 0 0 0 0.415512465374 0.2321372533 0 0.192049561177 0.133096716948 0 0 0 0.138720558387 0 0 0 0.26525198939 0 0.254614894971 0 0.178353037097 0 0 0.259386550807 0 0 0.10272213662 0 0.170635711439 0 0 0 0 0.128307464893 0.0964320154291 0 0 0 0 0 0 0 
2018-6-14 0 0.0689288457372 0.221238938053 0.239808153477 0 0.169672098804 0 0 0 0 0 0 0.276243093923 0.21241115598 0 0.185298295942 0.147514382652 0 0 0 0.110801708679 0 0 0 0 0 0.221940393152 0 0.167776704459 0 0 0.243927666397 0 0 0.0513083632632 0.662251655629 0.156572309069 0 0 0 0.213903743316 0.103021876651 0.0963391136802 0 0 0 0 0 0.110741971207 0 
2018-6-15 0 0.0716753192363 0 0 0 0.173153358782 0 0 0 0 0 0 0.275482093664 0.243764354003 0 0.169051872232 0.161883738043 0 0 0 0.13969122419 0 0 0 0.132450331126 0 0.378548895899 0 0.182639135508 0 0 0.22518360629 0 0 0.0512557662737 0 0.128953861796 0 0 0 0.213447171825 0.105509170162 0.0962463907603 0 0 8.33333333333 0.584795321637 0 0 0 
2018-6-16 0 0.0634735180619 0 0 0 0.176650702677 0 0 0 0 0 0 0.41095890411 0.245738439753 0 0.184268896093 0.205429200293 0 0 0 0.114773866426 0 1.42857142857 0 0.132275132275 0 0.0943396226415 0 0.167071688943 0 0 0.240345480562 0 0 0.0512295081967 0 0.1249814384 0 0 0 0.212765957447 0.104169118859 0 0 0 0 0.581395348837 0 0 0 
2018-6-17 0 0.0676271024733 0 0 0 0.164441486238 0 0 0 0.0302297460701 0 0 0.409276944065 0.256302538838 0 0.192554993842 0.131790891785 0 0 0 0.121846850114 0 0 0 0.263852242744 0 0.188028831087 0 0.1414427157 0 0 0.231901636124 0 0 0.102354145343 0 0.18386435993 0 0 0 0.212314225053 0.109876227661 0.287907869482 0 0 0 0.574712643678 0 0.220994475138 0 
2018-6-18 0 0.0689674507275 0 0 0 0.105547085728 0 0 0 0 0 0 0.407608695652 0.19193289332 0 0.143905402562 0.0584795321637 0 0 0 0.111518241198 0 0 0 0 0 0.093808630394 0 0.16126593761 0 0 0.17894270425 0 0 0.153217568948 0 0.167359897615 0.19801980198 0 0 0.106044538706 0.124929983489 0.0958772770853 0 0 0 0 0 0 0 
2018-6-19 0 0.0691830241104 0 0 0 0.167680549056 0 0 0 0 0 0 0.539811066127 0.282716949946 0 0.193559739574 0.189587283068 0 0 0 0.125800714317 0 0 0 0.131752305665 0 0.280199252802 0 0.165945891582 0 0 0.246300188972 0 0 0 0 0.160767758087 0 0 0 0.211193241816 0.118553472007 0.095785440613 0 0 0 0 0 0 0 
2018-6-20 0 0.0408693412758 0 0 0 0.159508247744 0 0 0 0 0 0 0 0.197453916905 0 0.175504914138 0.116465278789 0 0 0 0.092416103506 0 0 0 0.131406044678 0 0.124185035703 0 0.0903750564844 0 0 0.20578309784 0 0 0 0 0.09800678697 0 0 0 0 0.0830268550948 0.191021967526 0 0 0 0 0 0 0 
2018-6-21 0 0.0366513533023 0.220264317181 0.47619047619 0 0.139778683751 0 0 0 0 0 0 0.268456375839 0.118619230172 0 0.155584891427 0.087260034904 0 0 0 0.0649266329048 0 0 0 0 0 0 0 0.115270886583 0 0 0.164764829891 0 0 0 0 0.0758641786479 0 0 0 0.105374077977 0.0660091069201 0 0 0 0 0 0 0 0 
2018-6-22 0 0.0684864494668 0 0 0 0.220716360116 0 0 0 0 0 0 0 0.247770276774 0 0.203516879139 0.101581773328 0 0 0 0.155512037784 0 0 0 0 0 0.278379214352 0 0.164934026389 3.22580645161 0 0.205189136352 0 0 0.0509683995923 0 0.170877578421 0 0 0 0.314795383001 0.129442290312 0 0 0 0 0.571428571429 0 0.110253583241 0 
2018-6-23 0 0.0452580968691 0 0 0 0.0773574688636 0 0 0 0 0 0 0.133868808568 0.142856247768 0 0.140097330777 0.0290023201856 0 0 0 0.0805581529166 0 0 0 0.131233595801 0 0.154368632294 0 0.129708156648 0 0 0.132893159787 0 0 0.050916496945 0 0.107207251109 0 0.00267158237824 0 0 0.0818259117328 0 0 0 0 0 0 0.11013215859 0 
2018-6-24 0 0.0552746844737 0.21978021978 0 0 0.138985406532 0 0 0 0 0 0 0.664893617021 0.217368673093 0 0.161174904867 0.144696860078 0 0 0 0.126385936692 0 0 0 0.130890052356 0 0.184615384615 0 0.159275297397 0 0 0.17241234657 0 0 0 0 0.147057036254 0.196850393701 0 0 0 0.0924727743286 0.0954198473282 0 0 0 0 0 0.219298245614 0 
2018-6-25 0 0.0635924726594 0 0.473933649289 0 0.19637287744 0 0 0 0 0 0 0.132802124834 0.240320759729 0 0.193428758187 0.173235166739 0 0 0 0.127589420113 0 0 0 0.130548302872 0 0.184275184275 0 0.183714001986 0 0 0.19327470946 0 0 0.0508905852417 0 0.175721366506 0 0 0 0.313807531381 0.130897270313 0.095328884652 0 0 0 0 0 0.109409190372 0 
2018-6-26 0 0.0613129328484 0.219298245614 0 0 0.18054008374 0 0 0 0 0 0 0.132625994695 0.212728973355 0 0.218779092964 0.230215827338 0 0 0 0.113071979618 0 0 0 0.13037809648 0 0.245022970904 0 0.16346344363 0 0 0.211462343437 0 0 0 0 0.133017316436 0 0 0 0 0.108378466879 0.285171102662 0 0 0 0 0 0.109289617486 0 
2018-6-27 0 0.0484641866373 0.218818380744 0.235294117647 0 0.214501857739 0 0 0 0 0 0 0.132275132275 0.146010726729 0 0.169826591129 0.186620729256 0 0 0 0.0729227733532 0 0 0 0.130208333333 0 0.274557657108 0 0.103867840538 0 0 0.168937896598 0 0 0 0 0.0760924704689 0 0 0 0.208768267223 0.0778624584275 0 0 0 0 0 0 0 0 
2018-6-28 0 0.0375845652719 0.218340611354 0.234192037471 0 0.16051364366 1.11111111111 0 0 0 0 0 0 0.0775763177658 0 0.181969773166 0.114662462376 0 0 0 0.0785658167274 0 0 0 0 0 0.121765601218 0 0.0741070105232 0 0 0.198374820508 0 0 0 0 0.0398281355605 0 0 0 0 0.0656467798375 0.0949667616334 0 0 0 0 0 0 0 
2018-6-29 0 0.0436859840337 0 0 0 0.190635961568 0 0 0 0 0 0 0.132100396301 0.105902738431 0 0.208529929984 0.057273768614 0 0 0 0.0685029256458 0 0 0 0 0 0.393939393939 0 0.0986679822398 0 0 0.189996026227 0 0 0.10162601626 0 0.0506469545504 0 0 0 0.311203319502 0.0811772726747 0.0947867298578 0 0 0 0 0 0.218102508179 0 
2018-6-30 0 0.0494982049949 0.217864923747 0 0 0.159774793624 0 0 0 0 0 0 0.131752305665 0.194829216162 0 0.190191639465 0.128571428571 0 0 0 0.0969254671665 0 0 0 0 0 0.301841231512 0.3861003861 0.157511321126 0 0 0.184551358537 0 0 0.0507614213198 0 0.111957817184 0.195694716243 0 0 0.515995872033 0.10990595973 0.094696969697 0 0 7.14285714286 0 0 0.108932461874 0 
2018-7-1 0 0.0503008323259 0.433839479393 0.4662004662 0 0.121488230828 0 0 0 0 0 0 0.131578947368 0.157912762427 0 0.139212660472 0.0428204396232 0 0 0 0.0982360227224 0 0 0 0 0 0.150602409639 0 0.142492138365 0 0 0.160639261883 0 0 0.101419878296 0 0.109367112949 0.1953125 0 0 0.10298661174 0.110047130132 0 0 0 0 0.568181818182 0 0.217391304348 0 
2018-7-2 0 0.0624796940994 0.431965442765 0 0 0.151532371103 0 0 0 0.0301841231512 0 0 0.262467191601 0.190650749102 0 0.159208543537 0.11396011396 0 0 0 0.116573313241 0 0 0 0 0 0.210273355362 0 0.147109302212 0 0 0.169290254716 0 0 0 0.621118012422 0.113962164561 0.389105058366 0 0 0.102880658436 0.127127662634 0.0946073793756 0 0 0 0 0 0.108577633008 0 
2018-7-3 0 0.0488415397295 0 0 0 0.151217299259 0 0 0 0 0 0 0 0.20461912893 0 0.166671024079 0.12794995735 0 0 0 0.0880281690141 0 0 0 0 0 0.0599880023995 0 0.0881402409167 0 0 0.171745947165 0 0 0 0 0.101797626319 0.193798449612 0 0 0.205338809035 0.105986971358 0 0 0 0 0.564971751412 0 0 0 
2018-7-4 0 0.0410487398314 0 0 0 0.173539065153 0 0 0 0 0 0 0 0.146603382873 0 0.155850592102 0.127659574468 0 0 0 0.0666666666667 0 1.40845070423 0 0 0 0.0299490865529 0 0.0782472613459 0 0 0.16031146227 0 0 0 0 0.0813290117329 0 0 0 0 0.0929504006334 0 0 0 0 0 0 0 0 
2018-7-5 0 0.0737068738587 0.215517241379 0.46403712297 0 0.173179730442 0 0 0 0.0603136308806 0 0 0.130890052356 0.209343076957 0 0.197697860441 0.056657223796 0 0 0 0.116139083634 0 0 0 0 0 0.447227191413 0 0.204838080375 0 0 0.184778795715 0 0 0.151668351871 0 0.166986724555 0 0 0 0.204918032787 0.156334108323 0.0945179584121 0 0 0 0.561797752809 0 0.108342361863 0 
2018-7-6 0 0.0625735446806 0 0.230946882217 0 0.142814191221 0 0 0 0 0 0 0.391134289439 0.192391425418 0 0.176446929694 0.0565291124929 0 0 0 0.132911034444 0 0 0 0.129701686122 0 0.296823983378 0 0.121684108055 0 0 0.196890432915 0 0 0.0505305709955 0 0.140447766523 0.193423597679 0 0 0.102354145343 0.119503004729 0 0 0 0 0 0 0 0 
2018-7-7 0 0.0381901203819 0.215053763441 0.459770114943 0 0.0863460599917 0 0 0 0.0301477238468 0 0 0.260078023407 0.111624295271 0 0.0919903604467 0.0705616709004 0 0 0 0.0678119349005 0 0 0 0 0 0.148148148148 0 0.0632080517334 0 0 0.100740933316 0 0 0 0 0.0641970612012 0.19267822736 0 4.54545454545 0 0.0614178671717 0.0944287063267 0 0 0 0 0 0.108225108225 0 
2018-7-8 0 0.0420420254299 0 0 0 0.101233549548 0 0 0 0.0301386377336 0 0 0.12987012987 0.179346324006 0 0.137699195139 0.112723686065 0 0 0 0.0776189333747 0 0 0 0 0 0.236127508855 0 0.0922688422688 0 0 0.142703088387 0 0 0 0 0.0925914934533 0 0 0 0.102145045965 0.0930200706496 0.0942507068803 0 0 0 0 0 0 0 
2018-7-9 0 0.0472677316188 0.214592274678 0 0 0.138498970616 0 0 0 0 0 0 0.259067357513 0.157027588539 0 0.138060953266 0.0844000562667 0 0 0 0.0845773248192 0 1.38888888889 0 0.258397932817 0 0.0884433962264 0 0.1066614952 0 0 0.154949065046 0 0 0 0 0.107853130111 0 0 0 0 0.0966125750244 0 0 0 6.25 0 0 0 0 
2018-7-10 0 0.0635236280277 0 0 0 0.145739910314 1.0989010989 0 0 0 0 0 0.258397932817 0.227021363292 0 0.18723338545 0.294158845777 0 0 0 0.122459320984 0 0 0 0.2574002574 0 0.235155790711 0 0.121006776379 0 0 0.195283342412 0 0 0.0504286434695 0.617283950617 0.128899505688 0 0 0 0 0.128044252094 0 0.14598540146 0 0 0 0 0 0 
2018-7-11 0 0.0546475234736 0.213675213675 0 0 0.141769885092 0 0 0 0 0 0 0.3861003861 0.214396387091 0 0.162412695152 0.167644593462 0 0 0 0.140516538797 0 0 0 0.12853470437 0 0.263774912075 0.384615384615 0.144962551341 0 0 0.17510103531 0 0 0.100704934542 0.613496932515 0.172269353754 0 0 0 0.303643724696 0.126431229934 0 0 0 0 0 0 0 0 
2018-7-12 0 0.00579537363602 0 0 0 0.0261057656448 0 0 0 0 0 0 0 0.0268150164092 0 0.0442662389735 0.0837287189506 0 0 0 0.0182633005999 0 0 0 0 0 0.0292997363024 0 0.02415342254 0 0 0.0466613032985 0 0 0 0 0.00825822283045 0 0 0 0 0.017327084221 0 0 0 0 0 0 0 0 
2018-7-13 0 0.000551932730439 0.213219616205 0 0 0.0186421087953 0 0 0 0 0 0 0 0 0 0.0153930025976 0.125348189415 0 0 0 0 0 0 0 0 0 0.0292911540715 0 0.00966043568565 0 0 0.0184978908383 0 0 0 0 0 0 0 0 0 0.00795255731522 0 0 0 0 0 0 0 0 
2018-7-14 0 0.000275964080515 0 0 0 0.0149114631873 0 0 0 0 0 0 0 0.000800438640375 0 0.00833653969475 0.0973439020998 0 0 0 0 0 0 0 0 0 0 0 0 0 0 0.013267185025 0 0 0 0 0 0 0 0 0 0.00596385901437 0 0 0 0 0 0 0 0 
2018-7-15 0 0.000275960272759 0 0 0 0.00372744893395 0 0 0 0 0 0 0 0.000200108859219 0 0.00769423125012 0.111034004164 0 0 0 0 0 0 0 0 0 0 0.383141762452 0 0 1.88679245283 0.013263932153 0 0 0 0 0 0 0 0 0 0.012209665512 0 0 0 0 0 0 0 0 
2018-7-16 0 0 0 0 0 0.00372703216429 0 0 0 0 0 0 0 0.000200108458785 0 0.00641116054828 0.0554477405046 0 0 0 0.00140475086743 0 0 0 0 0 0.0292568753657 0 0.00482975126781 0 0 0.00843959859662 0 0 0 0 0 0 0 0 0 0.00851733134974 0 0 0 0 0 0 0 0 
2018-7-17 0 0.000275957988156 0 0 0 0.00745323097563 0 0 0 0 0 0 0 0.000200108058352 0 0.00320533367524 0.0692520775623 0 0 0 0 0 0 0 0 0 0 0 0.00965810314854 0 0 0.00562578861501 0 0 0 0 0 0 0 0 0 0.00567776954501 0 0 0 0 0 0 0 0 
2018-7-18 0 0 0 0 0 0.00372647661636 0 0 0 0.0301204819277 0 0 0 0 0 0.00256411900076 0.124429697221 0 0 0 0.00140471140204 0 0 0 0 0 0 0 0.00965670416687 0 1.85185185185 0.00482167826548 0 0 0 0 0 0 0 0 0 0.0105025021502 0 0 0 0 0 0 0 0 
2018-7-19 0 0.000551912930216 0 0 0 0.00372633775525 0 0 0 0 0 0 0 0.00020010765792 0 0.00384595661761 0.151745068285 0 0 0 0 0 0 0 0 0 0 0 0 0 0 0.00763349577948 0 0 0 0 0 0 0 0 0 0.00737931974025 0 0 0 0 0 0 0 0 
2018-7-20 0 0.00027595570359 0 0 0 0.00745212012818 0 0 0 0 0 0 0 0 0 0.00448666179543 0.0963921784632 0 0 0 0.00140469167018 0 0 0 0 0 0.0292397660819 0 0 0 0 0.00281217107642 0 0 0 0 0 0 0 0 0 0.00737848207596 0 0 0 0 0 0 0 0 
2018-7-21 0 0.000275954942077 0.212314225053 0 0 0 0 0 0 0 0 0 0 0 0 0.00256359313213 0.0687852524419 0 0 0 0 0 0 0 0 0 0 0 0 0 0 0.00642719991002 0 0 0 0 0 0 0 0 0 0.00737777021083 0 0 0 0 0 0 0 0 
2018-7-22 0 0 0 0 0 0 0 0 0 0 0 0 0 0 0 0.00320432712335 0.150953753259 0 0 0 0.0042138382448 0 0 0 0 0 0.0292312189418 0.380228136882 0 0 0 0.00482003205321 0 0 0 0 0 0 0 0 0 0.0153199746937 0 0 0 0 0 0 0 0 
2018-7-23 0 0.000275953419063 0 0 0 0.00372592123403 1.08695652174 0 0 0 0 0 0 0.000400213714123 0 0.00192251002909 0.150602409639 0 0 0 0 0 0 0 0 0 0 0 0 0 0 0.0032131611079 0 0 0 0 0 0 0 0 0 0.012764400371 0 0 0 0 0 0 0 0 
2018-7-24 0 0 0 0 0 0.0111760980516 0 0 0 0 0 0 0 0 0 0.00512636489465 0.286220526101 0 0 0 0.00140459301917 0 0 0 0 0 0 0.378787878788 0 0 0 0.00441781262049 0 0 0 0 0.00117973220079 0 0 0 0 0.0170149050568 0 0 0 0 0 0 0 0 
2018-7-25 0 0 0 0 0 0.00372522723886 0 0 0 0.0301023479831 0 0 0 0 0 0.00320385487819 0.163043478261 0 0 0 0 0 0 0 0 0 0 0.377358490566 0.00482788586878 0 1.75438596491 0.00240961919985 0 0 0 0 0 0 0 0 0 0.0158769761165 0 0 0 0 0 0 0 0 
2018-7-26 0 0.000275952657562 0 0 0 0.00372494971318 0 0 0 0 0 0 0 0 0 0.0012815173165 0.176151761518 0 0 0 0.00140455356265 0 0 0 0 0 0 0.375939849624 0 0 0 0.00401577396012 0 0 0 0 0 0 0 0 0 0.0144563969557 0 0 0 0 0 0 0 0 
2018-7-27 0 0.000275951134573 0 0 0 0 0 0 0 0 0 0 0.12853470437 0 0 0.0025629360996 0.14868883482 0 0 0 0.00280902821669 0 0 0 0 0 0 0 0.00482765279521 0 0 0.00441708528589 0 0 0 0 0 0 0 0 0 0.0116198330712 0 0 0 0 0 0 0 0 
2018-7-28 0 0.000275949611601 0 0 0 0 0 0 0 0 0 0 0 0.000200106456635 0 0.00192212818032 0.0944414463033 0 0 0 0 0 0 0 0 0 0 0 0.00482741974415 0 0 0.00401533859343 0 0 0 0 0 0 0 0 0 0.0104848239258 0 0 0 0 0 0 0 0 
2018-7-29 0 0.000551896177291 0 0 0 0 0 0 0 0.0300932891965 0 0 0 0.00020010605621 0 0.00256272263653 0.148108253669 0 0 0 0.00140449438202 0 0 0 0 0 0 0 0 0 0 0.00281061287421 0 0 0 0 0 0 0 0 0 0.00850007650069 0 0 0 0 0 0 0 0 
2018-7-30 0 0 0 0 0 0 0 0 0 0 0 0 0 0 0 0 0 0 0 0 0 0 0 0 0 0 0 0 0 0 0 0 0 0 0 0 0 0 0 0 0 0 0 0 0 0 0 0 0 0 
2018-7-31 0 0 0 0 0 0 0 0 0 0 0 0 0 0 0 0 0 0 0 0 0 0 0 0 0 0 0 0 0 0 0 0 0 0 0 0 0 0 0 0 0 0 0 0 0 0 0 0 0 0 
