38fc3e301358eb0e5ecd84f8f549a97b047a65f968f3165567f91264583e9574 6c3fa1d1f9aefafb3b808e14e6e75b22dc1e37b35519a4f007faca1e66c47b73 4a6c48b8eef053bb23d3477ecf8b3746f0e82e7ec6a58888d3e4c9149a993bfb beaa450d5d3c5f84653a2a48554c32b508c655e78ff1eee69d2714ba569d00f7 others
2017-11-21 0.000 0.000 0.000 0.000 100.000 
2017-11-22 0.000 0.000 0.000 0.000 100.000 
2017-11-23 0.000 0.000 0.000 0.000 100.000 
2017-11-24 0.000 0.000 0.000 0.000 100.000 
2017-11-25 0.000 0.000 0.000 0.000 100.000 
2017-11-26 0.000 0.000 0.000 0.000 100.000 
2017-11-27 0.000 0.000 0.000 0.000 100.000 
2017-11-28 0.000 0.000 0.000 0.000 100.000 
2017-11-29 0.000 0.000 0.016 0.000 99.984 
2017-11-30 0.000 0.000 0.011 0.000 99.989 
2017-12-1 0.000 0.000 0.011 0.000 99.989 
2017-12-2 0.000 0.000 0.000 0.000 100.000 
2017-12-3 0.000 0.000 0.000 0.000 100.000 
2017-12-4 0.000 0.000 0.013 0.000 99.987 
2017-12-5 0.000 0.000 0.010 0.000 99.990 
2017-12-6 0.000 0.000 0.011 0.000 99.989 
2017-12-7 0.000 0.000 0.018 0.000 99.982 
2017-12-8 0.000 0.000 0.012 0.000 99.988 
2017-12-9 0.000 0.000 0.000 0.000 100.000 
2017-12-10 0.000 0.000 0.000 0.000 100.000 
2017-12-11 0.000 0.000 0.000 0.000 100.000 
2017-12-12 0.000 0.000 0.000 0.000 100.000 
2017-12-13 0.000 0.000 0.014 0.000 99.986 
2017-12-14 0.000 0.000 0.000 0.000 100.000 
2017-12-15 0.000 0.000 0.000 0.000 100.000 
2017-12-16 0.000 0.000 0.000 0.000 100.000 
2017-12-17 0.000 0.000 0.000 0.000 100.000 
2017-12-18 0.000 0.000 0.017 0.000 99.983 
2017-12-19 0.000 0.000 0.013 0.000 99.987 
2017-12-20 0.000 0.000 0.010 0.000 99.990 
2017-12-21 0.000 0.000 0.011 0.000 99.989 
2017-12-22 0.000 0.000 0.009 0.000 99.991 
2017-12-23 0.000 0.000 0.000 0.000 100.000 
2017-12-24 0.000 0.000 0.000 0.000 100.000 
2017-12-25 0.000 0.000 0.000 0.000 100.000 
2017-12-26 0.000 0.000 0.000 0.000 100.000 
2017-12-27 0.000 0.000 0.000 0.000 100.000 
2017-12-28 0.000 0.000 0.000 0.000 100.000 
2017-12-29 0.000 0.000 0.000 0.000 100.000 
2017-12-30 0.000 0.000 0.000 0.000 100.000 
2017-12-31 0.000 0.000 0.000 0.000 100.000 
2018-1-1 0.000 0.000 0.000 0.000 100.000 
2018-1-2 0.000 0.000 0.000 0.000 100.000 
2018-1-3 0.000 0.000 0.000 0.000 100.000 
2018-1-4 0.000 0.000 0.000 0.000 100.000 
2018-1-5 0.000 0.000 0.000 0.000 100.000 
2018-1-6 0.000 0.000 0.000 0.000 100.000 
2018-1-7 0.000 0.000 0.000 0.000 100.000 
2018-1-8 0.000 0.000 0.000 0.028 99.972 
2018-1-9 0.000 0.000 0.000 0.000 100.000 
2018-1-10 0.000 0.000 0.000 0.015 99.985 
2018-1-11 0.011 0.000 0.000 0.000 99.989 
2018-1-12 0.012 0.000 0.000 0.012 99.976 
2018-1-13 0.011 0.000 0.000 0.000 99.989 
2018-1-14 0.015 0.000 0.000 0.000 99.985 
2018-1-15 0.022 0.000 0.000 0.022 99.955 
2018-1-16 0.011 0.000 0.000 0.011 99.977 
2018-1-17 0.013 0.000 0.000 0.013 99.974 
2018-1-18 0.014 0.000 0.000 0.014 99.973 
2018-1-19 0.011 0.000 0.000 0.011 99.978 
2018-1-20 0.011 0.000 0.000 0.000 99.989 
2018-1-21 0.000 0.000 0.000 0.000 100.000 
2018-1-22 0.018 0.000 0.000 0.018 99.964 
2018-1-23 0.014 0.000 0.000 0.014 99.971 
2018-1-24 0.030 0.000 0.000 0.030 99.940 
2018-1-25 0.022 0.000 0.000 0.022 99.957 
2018-1-26 0.012 0.000 0.000 0.012 99.975 
2018-1-27 0.018 0.000 0.000 0.000 99.982 
2018-1-28 0.020 0.000 0.000 0.000 99.980 
2018-1-29 0.024 0.000 0.000 0.024 99.953 
2018-1-30 0.000 0.000 0.000 0.000 100.000 
2018-1-31 0.000 0.000 0.000 0.000 100.000 
2018-2-1 0.000 0.000 0.000 0.000 100.000 
2018-2-2 0.000 0.000 0.000 0.000 100.000 
2018-2-3 0.000 0.000 0.000 0.000 100.000 
2018-2-4 0.000 0.000 0.000 0.000 100.000 
2018-2-5 0.000 0.000 0.000 0.000 100.000 
2018-2-6 0.000 0.000 0.000 0.000 100.000 
2018-2-7 0.000 0.000 0.000 0.000 100.000 
2018-2-8 0.000 0.000 0.000 0.000 100.000 
2018-2-9 0.000 0.000 0.000 0.000 100.000 
2018-2-10 0.000 0.000 0.000 0.000 100.000 
2018-2-11 0.000 0.000 0.000 0.000 100.000 
2018-2-12 0.000 0.000 0.000 0.000 100.000 
2018-2-13 0.000 0.000 0.000 0.000 100.000 
2018-2-14 0.000 0.000 0.000 0.000 100.000 
2018-2-15 0.000 0.000 0.000 0.000 100.000 
2018-2-16 0.000 0.000 0.000 0.000 100.000 
2018-2-17 0.000 0.000 0.000 0.000 100.000 
2018-2-18 0.000 0.000 0.000 0.000 100.000 
2018-2-19 0.000 0.000 0.000 0.000 100.000 
2018-2-20 0.000 0.000 0.000 0.000 100.000 
2018-2-21 0.000 0.012 0.000 0.000 99.988 
2018-2-22 0.000 0.000 0.000 0.000 100.000 
2018-2-23 0.000 0.000 0.000 0.000 100.000 
2018-2-24 0.000 0.013 0.000 0.000 99.987 
2018-2-25 0.000 0.000 0.000 0.000 100.000 
2018-2-26 0.000 0.014 0.000 0.000 99.986 
2018-2-27 0.000 0.014 0.000 0.000 99.986 
2018-2-28 0.000 0.014 0.000 0.000 99.986 
2018-3-1 0.000 0.015 0.000 0.000 99.985 
2018-3-2 0.000 0.016 0.000 0.000 99.984 
2018-3-3 0.000 0.000 0.000 0.000 100.000 
2018-3-4 0.000 0.000 0.000 0.000 100.000 
2018-3-5 0.000 0.016 0.000 0.000 99.984 
2018-3-6 0.000 0.016 0.000 0.000 99.984 
2018-3-7 0.000 0.018 0.000 0.000 99.982 
2018-3-8 0.000 0.019 0.000 0.000 99.981 
2018-3-9 0.000 0.021 0.000 0.000 99.979 
2018-3-10 0.000 0.000 0.000 0.000 100.000 
2018-3-11 0.000 0.000 0.000 0.000 100.000 
2018-3-12 0.000 0.000 0.000 0.000 100.000 
2018-3-13 0.000 0.019 0.000 0.000 99.981 
2018-3-14 0.000 0.021 0.000 0.000 99.979 
2018-3-15 0.000 0.018 0.000 0.000 99.982 
2018-3-16 0.000 0.016 0.000 0.000 99.984 
2018-3-17 0.000 0.000 0.000 0.000 100.000 
2018-3-18 0.000 0.000 0.000 0.000 100.000 
2018-3-19 0.000 0.000 0.000 0.000 100.000 
2018-3-20 0.000 0.000 0.000 0.000 100.000 
2018-3-21 0.000 0.000 0.000 0.000 100.000 
2018-3-22 0.000 0.000 0.000 0.000 100.000 
2018-3-23 0.000 0.000 0.000 0.000 100.000 
2018-3-24 0.000 0.000 0.000 0.000 100.000 
2018-3-25 0.000 0.000 0.000 0.000 100.000 
2018-3-26 0.000 0.000 0.000 0.000 100.000 
2018-3-27 0.000 0.000 0.000 0.000 100.000 
2018-3-28 0.000 0.000 0.000 0.000 100.000 
2018-3-29 0.000 0.000 0.000 0.000 100.000 
2018-3-30 0.000 0.000 0.000 0.000 100.000 
2018-3-31 0.000 0.000 0.000 0.000 100.000 
2018-4-1 0.000 0.000 0.000 0.000 100.000 
2018-4-2 0.000 0.000 0.000 0.000 100.000 
2018-4-3 0.000 0.000 0.000 0.000 100.000 
2018-4-4 0.000 0.000 0.000 0.000 100.000 
2018-4-5 0.000 0.000 0.000 0.000 100.000 
2018-4-6 0.000 0.000 0.000 0.000 100.000 
2018-4-7 0.000 0.000 0.000 0.000 100.000 
2018-4-8 0.000 0.000 0.000 0.000 100.000 
2018-4-9 0.000 0.000 0.000 0.000 100.000 
2018-4-10 0.000 0.000 0.000 0.000 100.000 
2018-4-11 0.000 0.000 0.000 0.000 100.000 
2018-4-12 0.000 0.000 0.000 0.000 100.000 
2018-4-13 0.000 0.000 0.000 0.000 100.000 
2018-4-14 0.000 0.000 0.000 0.000 100.000 
2018-4-15 0.000 0.000 0.000 0.000 100.000 
2018-4-16 0.000 0.000 0.000 0.000 100.000 
2018-4-17 0.000 0.000 0.000 0.000 100.000 
2018-4-18 0.000 0.000 0.000 0.000 100.000 
2018-4-19 0.000 0.000 0.000 0.000 100.000 
2018-4-20 0.000 0.000 0.000 0.000 100.000 
2018-4-21 0.000 0.000 0.000 0.000 100.000 
2018-4-22 0.000 0.000 0.000 0.000 100.000 
2018-4-23 0.000 0.000 0.000 0.000 100.000 
2018-4-24 0.000 0.000 0.000 0.000 100.000 
2018-4-25 0.000 0.000 0.000 0.000 100.000 
2018-4-26 0.000 0.000 0.000 0.000 100.000 
2018-4-27 0.000 0.000 0.000 0.000 100.000 
2018-4-28 0.000 0.000 0.000 0.000 100.000 
2018-4-29 0.000 0.000 0.000 0.000 100.000 
2018-4-30 0.000 0.000 0.000 0.000 100.000 
2018-5-1 0.000 0.000 0.000 0.000 100.000 
2018-5-2 0.000 0.000 0.000 0.000 100.000 
2018-5-3 0.000 0.000 0.000 0.000 100.000 
2018-5-4 0.000 0.000 0.000 0.000 100.000 
2018-5-5 0.000 0.000 0.000 0.000 100.000 
2018-5-6 0.000 0.000 0.000 0.000 100.000 
2018-5-7 0.000 0.000 0.000 0.000 100.000 
2018-5-8 0.000 0.000 0.000 0.000 100.000 
2018-5-9 0.000 0.000 0.000 0.000 100.000 
2018-5-10 0.000 0.000 0.000 0.000 100.000 
2018-5-11 0.000 0.000 0.000 0.000 100.000 
2018-5-12 0.000 0.000 0.000 0.000 100.000 
2018-5-13 0.000 0.000 0.000 0.000 100.000 
2018-5-14 0.000 0.000 0.000 0.000 100.000 
2018-5-15 0.000 0.000 0.000 0.000 100.000 
2018-5-16 0.000 0.000 0.000 0.000 100.000 
2018-5-17 0.000 0.000 0.000 0.000 100.000 
2018-5-18 0.000 0.000 0.000 0.000 100.000 
2018-5-19 0.000 0.000 0.000 0.000 100.000 
2018-5-20 0.000 0.000 0.000 0.000 100.000 
2018-5-21 0.000 0.000 0.000 0.000 100.000 
2018-5-22 0.000 0.000 0.000 0.000 100.000 
2018-5-23 0.000 0.000 0.000 0.000 100.000 
2018-5-24 0.000 0.000 0.000 0.000 100.000 
2018-5-25 0.000 0.000 0.000 0.000 100.000 
2018-5-26 0.000 0.000 0.000 0.000 100.000 
2018-5-27 0.000 0.000 0.000 0.000 100.000 
2018-5-28 0.000 0.000 0.000 0.000 100.000 
2018-5-29 0.000 0.000 0.000 0.000 100.000 
2018-5-30 0.000 0.000 0.000 0.000 100.000 
2018-5-31 0.000 0.000 0.000 0.000 100.000 
2018-6-1 0.000 0.000 0.000 0.000 100.000 
2018-6-2 0.000 0.000 0.000 0.000 100.000 
2018-6-3 0.000 0.000 0.000 0.000 100.000 
2018-6-4 0.000 0.000 0.000 0.000 100.000 
2018-6-5 0.000 0.000 0.000 0.000 100.000 
2018-6-6 0.000 0.000 0.000 0.000 100.000 
2018-6-7 0.000 0.000 0.000 0.000 100.000 
2018-6-8 0.000 0.000 0.000 0.000 100.000 
2018-6-9 0.000 0.000 0.000 0.000 100.000 
2018-6-10 0.000 0.000 0.000 0.000 100.000 
2018-6-11 0.000 0.000 0.000 0.000 100.000 
2018-6-12 0.000 0.000 0.000 0.000 100.000 
2018-6-13 0.000 0.000 0.000 0.000 100.000 
2018-6-14 0.000 0.000 0.000 0.000 100.000 
2018-6-15 0.000 0.000 0.000 0.000 100.000 
2018-6-16 0.000 0.000 0.000 0.000 100.000 
2018-6-17 0.000 0.000 0.000 0.000 100.000 
2018-6-18 0.000 0.000 0.000 0.000 100.000 
2018-6-19 0.000 0.000 0.000 0.000 100.000 
2018-6-20 0.000 0.000 0.000 0.000 100.000 
2018-6-21 0.000 0.000 0.000 0.000 100.000 
2018-6-22 0.000 0.000 0.000 0.000 100.000 
2018-6-23 0.000 0.000 0.000 0.000 100.000 
2018-6-24 0.000 0.000 0.000 0.000 100.000 
2018-6-25 0.000 0.000 0.000 0.000 100.000 
2018-6-26 0.000 0.000 0.000 0.000 100.000 
2018-6-27 0.000 0.000 0.000 0.000 100.000 
2018-6-28 0.000 0.000 0.000 0.000 100.000 
2018-6-29 0.000 0.000 0.000 0.000 100.000 
2018-6-30 0.000 0.000 0.000 0.000 100.000 
2018-7-1 0.000 0.000 0.000 0.000 100.000 
2018-7-2 0.000 0.000 0.000 0.000 100.000 
2018-7-3 0.000 0.000 0.000 0.000 100.000 
2018-7-4 0.000 0.000 0.000 0.000 100.000 
2018-7-5 0.000 0.000 0.000 0.000 100.000 
2018-7-6 0.000 0.000 0.000 0.000 100.000 
2018-7-7 0.000 0.000 0.000 0.000 100.000 
2018-7-8 0.000 0.000 0.000 0.000 100.000 
2018-7-9 0.000 0.000 0.000 0.000 100.000 
2018-7-10 0.000 0.000 0.000 0.000 100.000 
2018-7-11 0.000 0.000 0.000 0.000 100.000 
2018-7-12 0.000 0.000 0.000 0.000 100.000 
2018-7-13 0.000 0.000 0.000 0.000 100.000 
2018-7-14 0.000 0.000 0.000 0.000 100.000 
2018-7-15 0.000 0.000 0.000 0.000 100.000 
2018-7-16 0.000 0.000 0.000 0.000 100.000 
2018-7-17 0.000 0.000 0.000 0.000 100.000 
2018-7-18 0.000 0.000 0.000 0.000 100.000 
2018-7-19 0.000 0.000 0.000 0.000 100.000 
2018-7-20 0.000 0.000 0.000 0.000 100.000 
2018-7-21 0.000 0.000 0.000 0.000 100.000 
2018-7-22 0.000 0.000 0.000 0.000 100.000 
2018-7-23 0.000 0.000 0.000 0.000 100.000 
2018-7-24 0.000 0.000 0.000 0.000 100.000 
2018-7-25 0.000 0.000 0.000 0.000 100.000 
2018-7-26 0.000 0.000 0.000 0.000 100.000 
2018-7-27 0.000 0.000 0.000 0.000 100.000 
2018-7-28 0.000 0.000 0.000 0.000 100.000 
2018-7-29 0.000 0.000 0.000 0.000 100.000 
2018-7-30 0.000 0.000 0.000 0.000 100.000 
2018-7-31 0.000 0.000 0.000 0.000 100.000 
