chrome safari firefox samsungbrowser trident others
2017-11-21 0.491139240506 0.245569620253 0.159493670886 0.053164556962 0.0253164556962 0.0253164556962
2017-11-22 0.402605459057 0.24312845963 0.221129986639 0.064611567093 0.0551631990838 0.0133613284978
2017-11-23 0.385382980689 0.264898826573 0.211401644646 0.0639841079183 0.0631063475931 0.0112260925806
2017-11-24 0.349231947748 0.296617344676 0.21553844293 0.0710801112769 0.0575736806032 0.00995847276539
2017-11-25 0.342857142857 0.324089121887 0.207391874181 0.0768545216252 0.0375884665793 0.0112188728702
2017-11-26 0.336759371221 0.336500259112 0.205130419762 0.08559336673 0.024831577129 0.0111850060459
2017-11-27 0.37061338526 0.260043178258 0.229649070821 0.0660373364941 0.061169199509 0.0124878296575
2017-11-28 0.384194588258 0.25617856794 0.219839796815 0.0670118198691 0.0610042004494 0.011771026668
2017-11-29 0.407786510693 0.226284043137 0.24437945531 0.0536769633827 0.0547127277158 0.0131602997624
2017-11-30 0.377240100775 0.278033940201 0.214336644959 0.0697818129961 0.049151494985 0.0114560060845
2017-12-1 0.360989617848 0.263220675944 0.237729180473 0.0749723878949 0.0505411972609 0.0125469405787
2017-12-2 0.354919521513 0.290286215319 0.221206237866 0.084110978894 0.0350723366944 0.0144047097138
2017-12-3 0.336034789484 0.309152006325 0.226428147855 0.0810436845226 0.0339988139949 0.0133425578178
2017-12-4 0.382043488426 0.235118073416 0.24250642974 0.0681786298808 0.0584521861118 0.0137011924246
2017-12-5 0.371609815392 0.261680467978 0.229013142901 0.0698169110385 0.0555344526324 0.0123452100585
2017-12-6 0.372670250896 0.26814516129 0.223521505376 0.072894265233 0.0492831541219 0.0134856630824
2017-12-7 0.38819756254 0.248171905067 0.224182168056 0.0868505452213 0.0400256574727 0.0125721616421
2017-12-8 0.361251261352 0.2582810512 0.232439784144 0.0863861711929 0.0484797964287 0.013161935682
2017-12-9 0.342887783952 0.301891391245 0.215072633324 0.0938383542946 0.0317831724676 0.0145266647168
2017-12-10 0.345311768683 0.290290706745 0.219928233397 0.0941286598367 0.0335950907483 0.0167455405897
2017-12-11 0.361022989856 0.244937923472 0.247444483609 0.0703795088709 0.0623115184271 0.0139035757647
2017-12-12 0.384158298176 0.250519935825 0.223958642819 0.0837839443817 0.0445659278626 0.0130132509359
2017-12-13 0.37639300685 0.244555771394 0.228248645333 0.084653920867 0.0533687761988 0.0127798793579
2017-12-14 0.399748585795 0.231570440873 0.218371195115 0.095537397863 0.0416629253839 0.0131094549699
2017-12-15 0.369491525424 0.267984934087 0.236534839925 0.0802259887006 0.0299435028249 0.0158192090395
2017-12-16 0.351421583614 0.304595944156 0.195251197391 0.10812187914 0.027514521553 0.0130948741465
2017-12-17 0.359882285931 0.286216062275 0.215207898234 0.104233909246 0.021454338333 0.0130055059806
2017-12-18 0.373970068942 0.237094333277 0.235356762513 0.0820021299255 0.0575640378903 0.0140126674514
2017-12-19 0.375362183382 0.26072530143 0.222544163006 0.0760351434714 0.0523880736517 0.0129451350594
2017-12-20 0.359289617486 0.276541764247 0.221545667447 0.0708430913349 0.0578454332553 0.0139344262295
2017-12-21 0.35920227406 0.291296304652 0.209493299644 0.0746740062266 0.051662681045 0.0136714343726
2017-12-22 0.335685483871 0.324209057072 0.213399503722 0.0674240074442 0.0472627171216 0.0120192307692
2017-12-23 0.354033887766 0.30553396549 0.217161510959 0.0686304989896 0.0391730141458 0.0154671226488
2017-12-24 0.375747607656 0.281100478469 0.234001196172 0.0650418660287 0.029754784689 0.0143540669856
2017-12-25 0.381666666667 0.272888888889 0.216111111111 0.0832222222222 0.0306666666667 0.0154444444444
2017-12-26 0.330450658211 0.339242817334 0.206783895455 0.0836456231383 0.0272412799078 0.0126357259537
2017-12-27 0.334246575342 0.318199608611 0.22067840835 0.079060665362 0.0370515329419 0.0107632093933
2017-12-28 0.329486814839 0.299906545853 0.248750558693 0.0608264597131 0.0473365568242 0.013693064077
2017-12-29 0.348178528347 0.284487334138 0.234499396864 0.0811580217129 0.037056694813 0.0146200241255
2017-12-30 0.35600033498 0.263629511766 0.257264885688 0.0781341596181 0.0298132484717 0.0151578594758
2017-12-31 0.335841189268 0.287527193619 0.254985496737 0.0831218274112 0.0248368382886 0.0136874546773
2018-1-1 0.397212543554 0.212543554007 0.289198606272 0.0731707317073 0.0209059233449 0.00696864111498
2018-1-2 0 0 0 0 0 1.0
2018-1-3 0 0 0 0 0 1.0
2018-1-4 0 0 0 0 0 1.0
2018-1-5 0 0 0 0 0 1.0
2018-1-6 0.373417721519 0.230259192285 0.289531846494 0.0636929877436 0.0280289330922 0.0150693188668
2018-1-7 0.344840703757 0.27836424156 0.276842605801 0.0603899191631 0.027294341417 0.0122681883024
2018-1-8 0.418411189323 0.182557820642 0.296187951367 0.0420513758113 0.0475363378737 0.013255324984
2018-1-9 0.36217688375 0.25839743896 0.257059582398 0.0633092837689 0.0483061780305 0.0107506330928
2018-1-10 0.372177154133 0.257070817803 0.244354308266 0.0698311773734 0.0445077833808 0.0120587590441
2018-1-11 0.364609020762 0.258253122266 0.244491289476 0.068093230451 0.0523824675841 0.0121708694615
2018-1-12 0.354375766384 0.270675325855 0.244289023116 0.0703937508515 0.0479131659022 0.0123529678914
2018-1-13 0.346790205162 0.299227884403 0.220736818884 0.086785793073 0.0335759982352 0.0128833002427
2018-1-14 0.360087667338 0.278817675631 0.223847885322 0.0946570311574 0.0284918848478 0.0140978557043
2018-1-15 0.369503708802 0.240269174887 0.245775024853 0.0800642349163 0.0507761719049 0.0136116846371
2018-1-16 0.367016505203 0.279108360244 0.225780409042 0.0734660925727 0.0432813060639 0.0113473268748
2018-1-17 0.368512354072 0.255848844296 0.242346101552 0.0744057386657 0.046228140091 0.0126588213231
2018-1-18 0.38090713607 0.258038705806 0.230884632695 0.0769115367305 0.0406560984148 0.0126018902835
2018-1-19 0.368217054264 0.274665257223 0.231633192389 0.0647903453136 0.0491543340381 0.0115398167724
2018-1-20 0.336319143042 0.31484901653 0.227583341029 0.0800166220334 0.0297811432265 0.0114507341398
2018-1-21 0.338206041541 0.324744414119 0.209372253319 0.0884026460656 0.0266456955174 0.0126289494379
2018-1-22 0.392857142857 0.232288510837 0.235085061757 0.0806921463528 0.0458517828012 0.013225355395
2018-1-23 0.39630527891 0.256979204293 0.217245471903 0.0776613860364 0.0376180401466 0.014190618711
2018-1-24 0.457396912253 0.196013289037 0.230603869455 0.0608755129959 0.0431893687708 0.0119210474888
2018-1-25 0.428173838578 0.23285520588 0.215585527724 0.070577321059 0.037037037037 0.015771069721
2018-1-26 0.374382747153 0.286959588834 0.207548120528 0.06681447143 0.0522523430414 0.0120427290134
2018-1-27 0.372883929249 0.294314127382 0.204585136264 0.0721931222956 0.0406133758445 0.0154103089653
2018-1-28 0.380103118925 0.290677034908 0.214859268025 0.060180880737 0.0382892401319 0.0158904572733
2018-1-29 0.441727504618 0.22578942739 0.217345412965 0.044594951183 0.0563813879849 0.0141613158589
2018-1-30 0.389388836747 0.300336774692 0.190526141445 0.0595152652791 0.0480870093303 0.0121459725059
2018-1-31 0.386239904278 0.302064014358 0.193179778642 0.056476218965 0.0485192940473 0.0135207897098
2018-2-1 0.398502382573 0.299659632403 0.188155207624 0.0602450646698 0.041933287951 0.0115044247788
2018-2-2 0.402808392522 0.30835170218 0.17797371214 0.0647399787738 0.034615070618 0.0115111437668
2018-2-3 0.340939104916 0.359354365371 0.183418928833 0.0703595011005 0.0329420396185 0.0129860601614
2018-2-4 0.350064350064 0.353857617016 0.180654338549 0.070378649326 0.0313621892569 0.0136828557881
2018-2-5 0.435544071203 0.260407694516 0.186237917504 0.062015503876 0.0397167193033 0.0160780935975
2018-2-6 0.4521609538 0.254247391952 0.187083954297 0.0622950819672 0.031693989071 0.0125186289121
2018-2-7 0.443864496981 0.266298229455 0.182785794699 0.0643741684577 0.0292702896326 0.0134070207758
2018-2-8 0.433672964685 0.280937778217 0.183796616876 0.0546048075972 0.0340290829954 0.012958749629
2018-2-9 0.40020567993 0.310972233209 0.179099754766 0.0585396724943 0.0383672177834 0.0128154418163
2018-2-10 0.357911687431 0.364776675989 0.164505466565 0.0729722857869 0.0259344012204 0.013899483007
2018-2-11 0.385724367376 0.326948281077 0.168867829418 0.0734953120274 0.0297409013005 0.0152233088013
2018-2-12 0.469330199765 0.236192714454 0.189894242068 0.0562867215041 0.0340775558167 0.0142185663925
2018-2-13 0.448484848485 0.260801564027 0.180449657869 0.0593352883675 0.0376344086022 0.0132942326491
2018-2-14 0.4524232729 0.253940040289 0.188055456808 0.0625666548169 0.0306908401469 0.0123237350397
2018-2-15 0.446393762183 0.270197097682 0.178904050249 0.0601039636127 0.0309724929608 0.0134286333117
2018-2-16 0.459359033906 0.242104040873 0.187529029261 0.0631676730144 0.032977241059 0.0148629818857
2018-2-17 0.375468254731 0.331572375372 0.165209874172 0.0864470271828 0.0258380559024 0.0154644126405
2018-2-18 0.410967911625 0.286165176223 0.177669647554 0.0856128353498 0.0213045765387 0.0182798527091
2018-2-19 0.482520169036 0.200922013062 0.194263029837 0.064797029069 0.0411064156742 0.0163913433218
2018-2-20 0.487937433722 0.231309650053 0.182264050901 0.0609756097561 0.0247879109226 0.0127253446448
2018-2-21 0.410010403422 0.298000231187 0.210206912496 0.0708588602474 0 0.0109235926482
2018-2-22 0.396143150768 0.324205053802 0.203240236973 0.0650465481804 0 0.0113650102769
2018-2-23 0.405804170223 0.297219851238 0.208145348128 0.0764540909645 0 0.0123765394464
2018-2-24 0.349259125407 0.373183953741 0.187350921576 0.076544994579 0 0.0136610046982
2018-2-25 0.326215505913 0.400919842313 0.188173455979 0.0713534822602 0 0.0133377135348
2018-2-26 0.416666666667 0.299114933932 0.211418598853 0.0615183246073 0 0.0112814759412
2018-2-27 0.416223239698 0.305036505383 0.198428412325 0.068555871798 0 0.0117559707957
2018-2-28 0.413342546642 0.306991645204 0.203781644576 0.0643884666122 0 0.0114956969659
2018-3-1 0.417921193874 0.307108260243 0.193546275691 0.0697735305668 0 0.0116507396256
2018-3-2 0.420519363554 0.3030621435 0.201215851096 0.0648453917742 0 0.0103572500751
2018-3-3 0.351296709426 0.383435582822 0.170315114334 0.0825432236475 0 0.0124093697713
2018-3-4 0.341814086 0.384284105214 0.177499503081 0.0846750149076 0 0.0117272907971
2018-3-5 0.426602009006 0.288742639418 0.203740907516 0.0681676480776 0 0.012746795982
2018-3-6 0.436605890603 0.280855539972 0.205329593268 0.0643057503506 0 0.0129032258065
2018-3-7 0.45030504286 0.270059464051 0.204262877442 0.0625530929029 0 0.0128195227431
2018-3-8 0.445977609997 0.285949839452 0.19925366658 0.0571031849345 0 0.0117156990367
2018-3-9 0.459626202141 0.272273634549 0.193159136273 0.0611504264199 0 0.0137906006169
2018-3-10 0.387875277536 0.340283811179 0.181002027223 0.0777102036876 0 0.0131286803746
2018-3-11 0.385890793145 0.344200876843 0.180629732961 0.073893981666 0 0.0153846153846
2018-3-12 0.435832378458 0.301522344083 0.191520707153 0.0594205270912 0 0.0117040432149
2018-3-13 0.447109778444 0.295602198901 0.192487089788 0.0526403464934 0 0.0121605863735
2018-3-14 0.47908197832 0.256182249322 0.193682249322 0.0575880758808 0 0.0134654471545
2018-3-15 0.458939065883 0.278301886792 0.191927002784 0.0601608413238 0 0.0106712032168
2018-3-16 0.430141054195 0.300222717149 0.193541202673 0.0641425389755 0 0.0119524870082
2018-3-17 0.378875270368 0.359408795963 0.174477289113 0.0755587599135 0 0.0116798846431
2018-3-18 0.390296229062 0.341364799076 0.182110735209 0.0736034326265 0 0.0126248040267
2018-3-19 0.470342066958 0.256550218341 0.206513828239 0.0550400291121 0 0.0115538573508
2018-3-20 0.487306941239 0.250754482514 0.188975679034 0.0616900408308 0 0.011272856382
2018-3-21 0.482784017676 0.246363468974 0.190664702633 0.0675750322224 0 0.0126127784938
2018-3-22 0.458850341859 0.271123491179 0.1929602431 0.0649953574745 8.44095551616e-05 0.011986156833
2018-3-23 0.439475093733 0.294590251741 0.188627030887 0.0640956971969 0 0.0132119264417
2018-3-24 0.397589373565 0.334699901607 0.176779271892 0.0792062971466 0 0.0117251557888
2018-3-25 0.389195063262 0.34696887371 0.172785841807 0.0795622137701 0 0.0114880074517
2018-3-26 0.476212861978 0.245110943964 0.208725084618 0.057634449041 0 0.0123166603986
2018-3-27 0.478709218597 0.264201262334 0.173793226065 0.0704062583341 0 0.0128900346697
2018-3-28 0.493608652901 0.223314760188 0.203102807823 0.0682836228559 0 0.0116901562329
2018-3-29 0.470594446204 0.251293422025 0.192165558019 0.0736986590645 0 0.0122479146869
2018-3-30 0.421326279303 0.311411110098 0.175864270729 0.0793578400073 0 0.0120404998632
2018-3-31 0.406525735294 0.337775735294 0.158272058824 0.0845588235294 0 0.0128676470588
2018-4-1 0.407111111111 0.301666666667 0.199777777778 0.0774444444444 0 0.014
2018-4-2 0.426706452816 0.18612458038 0.314061917195 0.0610468730573 0 0.012060176551
2018-4-3 0.46967756955 0.180886974741 0.283668955884 0.0519147945524 0 0.013851705273
2018-4-4 0.454361054767 0.200714768666 0.279918864097 0.0506133487878 0 0.014391963682
2018-4-5 0.403904187099 0.278291210864 0.230196152395 0.0751603168616 0 0.0124481327801
2018-4-6 0.33349173161 0.380916175632 0.179813723627 0.0941836152823 0 0.0115947538491
2018-4-7 0.343082697036 0.392260903326 0.156723178465 0.099003494241 0 0.00892972693154
2018-4-8 0.336067551267 0.402171290712 0.154644149578 0.0993968636912 0 0.00772014475271
2018-4-9 0.362369337979 0.333422674886 0.183060841597 0.110694183865 0 0.0104529616725
2018-4-10 0.376075268817 0.32123655914 0.188440860215 0.104838709677 0 0.00940860215054
2018-4-11 0.401127668143 0.292388240032 0.165525573903 0.132501006847 0 0.00845751107531
2018-4-12 0.341836734694 0.371173469388 0.176445578231 0.0973639455782 0 0.0131802721088
2018-4-13 0.374591503268 0.320057189542 0.196486928105 0.0988562091503 0 0.0100081699346
2018-4-14 0.345096130445 0.388415672913 0.152105135069 0.105378437576 0 0.00900462399611
2018-4-15 0.369429803546 0.322951605175 0.185673215141 0.110924772401 0 0.0110206037374
2018-4-16 0.335321061274 0.378446115288 0.182957393484 0.0916083311728 0 0.0116670987814
2018-4-17 0.336292093704 0.378751830161 0.178898243045 0.0946193265007 0 0.0114385065886
2018-4-18 0.340903158444 0.372052553728 0.18010963195 0.0957104324371 0 0.0112242234404
2018-4-19 0.326121164437 0.373033044847 0.192171518489 0.0986428009441 0 0.0100314712825
2018-4-20 0.336859923826 0.379813796022 0.176364790521 0.097228099873 0 0.00973338975878
2018-4-21 0.333017975402 0.394039735099 0.170175023652 0.0924787133396 0 0.0102885525071
2018-4-22 0.334226879493 0.381503594493 0.17533812599 0.100036554161 0 0.00889484586329
2018-4-23 0.335615656739 0.386739701016 0.188063448591 0.0788542736506 0 0.0107269200046
2018-4-24 0.344559585492 0.351417250838 0.19125266687 0.102712587626 0 0.010057909174
2018-4-25 0.350461409396 0.324244966443 0.184144295302 0.131711409396 0 0.00943791946309
2018-4-26 0.37540313911 0.280799827994 0.196731885616 0.134594710815 0 0.0124704364653
2018-4-27 0.334202471375 0.371839927446 0.177304160526 0.105656954994 0 0.0109964856592
2018-4-28 0.296867584243 0.443640246796 0.161604176554 0.0867346938776 0 0.0111532985287
2018-4-29 0.35303030303 0.328282828283 0.177272727273 0.132323232323 0 0.00909090909091
2018-4-30 0.329100031358 0.372530573848 0.197867670116 0.0896832862966 0 0.0108184383819
2018-5-1 0.34359341446 0.36807444524 0.184395132427 0.0897637795276 0 0.0141732283465
2018-5-2 0.327435210009 0.362466487936 0.185522788204 0.114030384272 0 0.01054512958
2018-5-3 0.354772727273 0.351477272727 0.188181818182 0.0920454545455 0 0.0135227272727
2018-5-4 0.346672403901 0.360441767068 0.187177280551 0.0948078026391 0 0.0109007458405
2018-5-5 0.344671741199 0.383682207422 0.158420551855 0.100142721218 0 0.0130827783064
2018-5-6 0.312394745706 0.443920511957 0.138430447962 0.0938026271472 0 0.011451667228
2018-5-7 0 0 0 0 0 1.0
2018-5-8 0 0 0 0 0 1.0
