Chrome Mobile Safari Firefox Chrome Mobile Samsung Internet Safari IE Edge Firefox Mobile Opera others
2017-11-21 0.443905070119 0.109492988134 0.134843581446 0.0533980582524 0.0307443365696 0.112189859763 0.0312837108954 0.0264293419633 0.00431499460626 0.0393743257821 0.0140237324703
2017-11-22 0.335384545516 0.121346987897 0.232260042235 0.0780103998728 0.0495924067304 0.0513522105407 0.0543382002316 0.0394990803606 0.00898067621881 0.0148845341629 0.0143509162333
2017-11-23 0.336669938594 0.138973223457 0.225306457872 0.0704796037163 0.0500490789143 0.0466249686123 0.0583240121442 0.0400392631315 0.00854886205401 0.00983861026777 0.0151459812359
2017-11-24 0.274242361855 0.177344972412 0.209534299596 0.0893004199951 0.0653668780367 0.0503479370831 0.0508420489171 0.047836201927 0.0100984106069 0.0106954624063 0.0143910071646
2017-11-25 0.226711985797 0.210567045506 0.195256665099 0.109069389861 0.0762787733487 0.0519551461997 0.0403926983597 0.0437764593418 0.0151586422469 0.00890703002898 0.021926164211
2017-11-26 0.213599050779 0.226505557304 0.195873792285 0.122551274911 0.0845097706855 0.0503305324842 0.0248686345255 0.0323389108168 0.0162844758699 0.0114172942344 0.0217207061046
2017-11-27 0.316895418519 0.137831045815 0.247999226754 0.0692151556157 0.0514305045428 0.0488401314518 0.0594529286681 0.0355596365745 0.00876667311038 0.0107674463561 0.0132418325923
2017-11-28 0.3076763174 0.12463189015 0.23770368745 0.0711621300135 0.0510214687439 0.0588167361504 0.0611264450116 0.0375096719059 0.00881153930547 0.010416786964 0.0311233269046
2017-11-29 0.374501523214 0.103395525803 0.244864871932 0.0592026986389 0.0373808558765 0.059176549037 0.0503510584051 0.041172548148 0.00717806571395 0.00955767948433 0.0132186237465
2017-11-30 0.320138594888 0.14174781078 0.223656944228 0.0811738229461 0.0557276231645 0.0584571848749 0.0473049756011 0.0356737003944 0.00905768845117 0.00960360079324 0.0174580538782
2017-12-1 0.287680590184 0.1508475927 0.226055079295 0.0884593053041 0.0626842902194 0.0497398590571 0.0479296879447 0.0457096667691 0.0133201270535 0.0125345810991 0.0150392203741
2017-12-2 0.235480794243 0.179380906963 0.214618919622 0.111176623602 0.0786785745253 0.0456082545738 0.0337986647013 0.0520593080725 0.0186248157461 0.0135957686638 0.0169773692881
2017-12-3 0.19480828454 0.216894222763 0.209241464994 0.123660106531 0.0838763398935 0.0459297638087 0.0350784440714 0.0394004678888 0.01743348445 0.0126885102896 0.0209889107707
2017-12-4 0.31701291286 0.11748945889 0.245025913563 0.0778944132115 0.0535071152495 0.0470726458187 0.059930604357 0.0405942550949 0.0119905130007 0.0150101018974 0.0144720660576
2017-12-5 0.281070691653 0.151031214374 0.228525396422 0.0938692444671 0.0624758566758 0.0471654559673 0.0578214948604 0.0374515955793 0.0135862140441 0.0111930806411 0.0158097553162
2017-12-6 0.288653601425 0.163756681089 0.210903537796 0.0951997963858 0.0633443624332 0.0494375159074 0.0502112496819 0.0384423517434 0.0134079918554 0.0124510053449 0.0141919063375
2017-12-7 0.318403741743 0.154264848675 0.201597352334 0.103280863227 0.0718945309829 0.0396739650716 0.0379644698513 0.0351608976901 0.0122536617388 0.00895775495412 0.016547913732
2017-12-8 0.228798654971 0.172431338281 0.226221420908 0.117590452067 0.0803477606822 0.0372869357461 0.0485250035949 0.0398641698099 0.0159058479985 0.0144679062462 0.018560509695
2017-12-9 0.188254764552 0.211980553903 0.204222802617 0.133265237516 0.0925499728479 0.0437149284994 0.0321946678389 0.0404049546172 0.0166145173386 0.0145328540767 0.0222647461922
2017-12-10 0.19785412207 0.201482796429 0.209131728711 0.130462590717 0.0890722080092 0.0442489427244 0.0327755443012 0.0395238343863 0.0172166240276 0.0151281783533 0.023103430272
2017-12-11 0.288296660744 0.137068926245 0.246676688989 0.0885062183955 0.0563618969523 0.0430413193021 0.0586214751036 0.040790852353 0.0125005694501 0.0129105735502 0.0152248189149
2017-12-12 0.310041495949 0.154045527732 0.189336719333 0.109434110455 0.0656081054547 0.0420980979933 0.0443103425707 0.0345581401437 0.0140326993311 0.0119513567997 0.0245834042386
2017-12-13 0.274387293573 0.152161565163 0.21415798885 0.10529083833 0.0725465446513 0.0502366677185 0.0483012517093 0.0411907015883 0.0133901335858 0.0131061323236 0.0152308825076
2017-12-14 0.279967360261 0.152611179111 0.196246430029 0.125622195022 0.0759485924113 0.0463892288862 0.0411464708282 0.0321297429621 0.0169318645451 0.0139126886985 0.019094247246
2017-12-15 0.270445602467 0.172604487929 0.230617887908 0.0954482611932 0.0668935446134 0.0409975539721 0.0314261405934 0.0414761246411 0.0147825162182 0.0138785493991 0.0214293310646
2017-12-16 0.176266936415 0.229551639146 0.165325050934 0.16239011811 0.108179344342 0.0375272478594 0.027383208195 0.0360882759407 0.023878385502 0.00948866631523 0.0239211272422
2017-12-17 0.175768763225 0.24661203908 0.153009769934 0.171311512314 0.0993876907838 0.0333393363649 0.0261131871595 0.0316284723786 0.0264733690514 0.0105128089685 0.0258430507406
2017-12-18 0.277046850347 0.15621128946 0.206230196503 0.11612835926 0.0711947946956 0.0418823590773 0.0549738561239 0.0329112933721 0.0158036797017 0.0107835339218 0.016833787537
2017-12-19 0.278013820151 0.165818470445 0.197392380241 0.115300214773 0.0622607152862 0.0440867494631 0.0537982071155 0.0337916705575 0.0159095153609 0.0156060323093 0.0180222242973
2017-12-20 0.259057784017 0.170719874481 0.207281322901 0.102789074919 0.0642870414336 0.050062965792 0.0563801895167 0.0421045025702 0.0134911951114 0.0183116909928 0.015514358265
2017-12-21 0.259848285489 0.178716490658 0.206690998959 0.107916385396 0.0616697749454 0.0505371792085 0.0500680770243 0.0344961728127 0.0128717062734 0.0222995160238 0.0148854132104
2017-12-22 0.248392291765 0.204176207014 0.195828175155 0.101392434185 0.0599261604531 0.0523121418946 0.0439641100363 0.0371060156224 0.0133108381994 0.0201798880356 0.0234117376395
2017-12-23 0.23269820177 0.186231433654 0.219881261118 0.106693529374 0.0582549242343 0.054911374499 0.036200355788 0.0472383565167 0.0139957562638 0.0249694579591 0.0189253488223
2017-12-24 0.317609517533 0.153896847144 0.230272970067 0.085012659984 0.0498421837605 0.0490791162291 0.0240019423537 0.0327078491901 0.011307273421 0.0324997398633 0.0137699004544
2017-12-25 0.263909858525 0.166219314433 0.241011016049 0.111642341889 0.0652295476151 0.0356763406587 0.0267852150087 0.0421909075658 0.0127774981826 0.0144271095454 0.0201308505284
2017-12-26 0.191138105332 0.222512093049 0.215269851622 0.119843469754 0.074569270069 0.0427604761128 0.0271618022719 0.0338877112887 0.0156937877059 0.0373661612044 0.0197972715908
2017-12-27 0.209475957926 0.225660530929 0.236100676183 0.108596293514 0.0667261457551 0.0369083395943 0.0365326821938 0.0295204107188 0.015527172552 0.0161689206111 0.0187828700225
2017-12-28 0.208664673325 0.181107788875 0.291229297877 0.0888415293594 0.0525584748818 0.0500667981424 0.0461119239986 0.0416375087474 0.010072735755 0.0137625379053 0.0159467311322
2017-12-29 0.228210462988 0.164953751285 0.279610457975 0.102699721756 0.0660767553205 0.0424385230492 0.0336901210739 0.0367107011255 0.012044719625 0.0141628857193 0.0194019000827
2017-12-30 0.230973488333 0.141820690809 0.325834239358 0.0938571548047 0.0594421677678 0.0384084636615 0.0257589696412 0.0433428117421 0.0137158150038 0.0120013381283 0.014844860751
2017-12-31 0.228044452944 0.149890567561 0.344255328191 0.0948768619451 0.0555236820297 0.0379507447781 0.0200165742334 0.0315335415737 0.0133018847878 0.00979579694439 0.0148105650114
2018-1-1 0.195352839931 0.10843373494 0.475903614458 0.0757314974182 0.0378657487091 0.026678141136 0.0249569707401 0.0335628227194 0.00946643717728 0.0025817555938 0.00946643717728
2018-1-2 0 0 0 0 0 0 0 0 0 0 1.0
2018-1-3 0 0 0 0 0 0 0 0 0 0 1.0
2018-1-4 0 0 0 0 0 0 0 0 0 0 1.0
2018-1-5 0 0 0 0 0 0 0 0 0 0 1.0
2018-1-6 0.244902205576 0.107666342997 0.385143570537 0.0752993942757 0.043163638045 0.0447126277339 0.0250612660101 0.0365977713044 0.0106348545799 0.0127618254959 0.0140565034448
2018-1-7 0.242050944225 0.127975406236 0.356258234519 0.0730566534914 0.0431488801054 0.0605401844532 0.0267237593325 0.0306543697848 0.00882740447958 0.0139218269653 0.0168423364076
2018-1-8 0.379006160164 0.0601560574949 0.338825462012 0.0399507186858 0.022160164271 0.0587433264887 0.0460616016427 0.0283696098563 0.00427104722793 0.00946201232033 0.0129938398357
2018-1-9 0.291435292521 0.123952454734 0.294579342012 0.0723583764038 0.0463803847502 0.0531774126056 0.0507797921308 0.0326279956119 0.0109589350946 0.00996369640696 0.01378631773
2018-1-10 0.284884591894 0.127507807188 0.304324779036 0.0794201362081 0.0476382534945 0.0467624655735 0.0395948328513 0.0292236601021 0.0113852429735 0.0146579241522 0.0146003065258
2018-1-11 0.260784917505 0.150228959105 0.26528463441 0.0950205119545 0.055883901344 0.0460898155414 0.0516722457859 0.0346468268553 0.0133898860668 0.0104397405461 0.0165585608852
2018-1-12 0.247121198648 0.15706695714 0.279032544905 0.0940334341099 0.0563089098346 0.0411813089098 0.0429597190112 0.0391472523564 0.0129601636137 0.0122154543838 0.017973057087
2018-1-13 0.185337806627 0.202258527217 0.240877154596 0.129883548489 0.0787810273989 0.0402596455401 0.0333552135755 0.0423139571633 0.0176135949238 0.00972455206282 0.0195949724066
2018-1-14 0.184487612175 0.19548345957 0.23777159121 0.13580726939 0.0814190397686 0.0461452322814 0.0269841516712 0.0434701463521 0.016128279702 0.0110891643467 0.0212140535328
2018-1-15 0.259926523671 0.15460510484 0.243675099867 0.108369563474 0.0670431392681 0.0440376686506 0.0485617570147 0.0303691463591 0.015048208814 0.0113423066434 0.0170214813983
2018-1-16 0.259861868682 0.176303591042 0.242074203697 0.0963661410727 0.0582124839436 0.0488206712959 0.0452836159875 0.0366643706834 0.0125937785059 0.00994098702459 0.0138782880652
2018-1-17 0.246723481482 0.15341871147 0.283880745016 0.0924441284601 0.0591036231138 0.0468769001936 0.0447533607117 0.0387288698467 0.0110667277847 0.0107954385998 0.0122080133212
2018-1-18 0.260427601277 0.160886051544 0.245624370702 0.106557552647 0.0631011804023 0.0464984254161 0.0435099295186 0.0336875254397 0.013089397802 0.0101865935431 0.0164313717089
2018-1-19 0.264960459535 0.15621434473 0.259550694417 0.0913463429988 0.0521599716725 0.0534583153008 0.0445371208246 0.0370126293426 0.0119703348153 0.0147145611205 0.0140752252429
2018-1-20 0.183224543889 0.203017204008 0.272774564326 0.119858305362 0.0696582731585 0.0414927480585 0.0280912097304 0.0357704645949 0.0185045270446 0.0128317871608 0.0147763726668
2018-1-21 0.159042476155 0.216467010117 0.269681170215 0.125131897461 0.0776177766743 0.0471417044255 0.0276519148408 0.0356795564107 0.0164380444003 0.0100242070635 0.0151242422362
2018-1-22 0.24863584147 0.158662919504 0.251282103881 0.108609583983 0.0674796914745 0.0430479199147 0.0458377779601 0.0378887338968 0.0130364322639 0.0112722573234 0.0142467383277
2018-1-23 0.298800454852 0.155068783612 0.224083241422 0.105231658416 0.0615589811989 0.0413385658467 0.0410307709407 0.0344644796129 0.0122775968058 0.0116876565693 0.0144578107232
2018-1-24 0.385416666667 0.0820520500532 0.255790734824 0.0642472044728 0.0357760915868 0.0536974174654 0.0453607561235 0.0359092119276 0.00685569755059 0.0203341320554 0.0145600372737
2018-1-25 0.297145283918 0.153259721158 0.200700213379 0.0995214518034 0.0584719603903 0.0507033208345 0.0553127136376 0.0461560771478 0.0138592529676 0.0103996188188 0.014470385946
2018-1-26 0.28042340771 0.166752871835 0.212918746617 0.0911048294942 0.0563781800686 0.0575930715102 0.0531063932159 0.0428580020449 0.0121850003007 0.0113790822157 0.0153004149877
2018-1-27 0.261273505487 0.191025823072 0.193500618699 0.0999249447228 0.0618496054527 0.0560074649573 0.0409558390977 0.0529646834493 0.012556545023 0.0149501998093 0.0149907702294
2018-1-28 0.285544430538 0.164330413016 0.209219858156 0.0885064664164 0.0492907801418 0.0652482269504 0.039549436796 0.0509595327493 0.0148310387985 0.0188151856487 0.0137046307885
2018-1-29 0.439642505229 0.090756651166 0.199457188791 0.0462945355853 0.0271059864816 0.0617318097741 0.0652064929901 0.038048645565 0.00701851435684 0.0153162653206 0.00942140474009
2018-1-30 0.332025817495 0.167266935302 0.192941791772 0.0755625289734 0.046523790845 0.060383458736 0.0504819978842 0.0358615935052 0.01281365522 0.0135862782156 0.0125521520522
2018-1-31 0.288807814523 0.188590625568 0.201718253501 0.0791830271647 0.0479313554517 0.0620218900789 0.0511945392491 0.0416724619384 0.0123466036141 0.0131597248227 0.0133737040881
2018-2-1 0.306277245885 0.189275813383 0.188894499809 0.0796017849598 0.049560458813 0.0561458472891 0.0476435851721 0.0395844712624 0.0131913884967 0.0159636412355 0.0138612636938
2018-2-2 0.282211854892 0.205079561733 0.167399047582 0.0800263269968 0.0506697897712 0.0579000348446 0.0719056099733 0.0455689341438 0.0150605908088 0.00974679623679 0.0144314530179
2018-2-3 0.27900734872 0.226245837639 0.163006659777 0.0880698128373 0.0537805718223 0.0563210471926 0.0559765759559 0.0402313698473 0.0131616718337 0.0101762544494 0.0140228499254
2018-2-4 0.209875556266 0.248247928158 0.176153169718 0.105097663016 0.0637940682708 0.0649399099315 0.0316572068111 0.0517494070936 0.0183601140512 0.0154555386788 0.0146694380046
2018-2-5 0.305551996583 0.193134742686 0.179062566731 0.0783365364083 0.0503843689942 0.0583386717916 0.0564381806534 0.0408712363869 0.0120755925689 0.0111360239163 0.0146700832799
2018-2-6 0.338354800009 0.184688865247 0.157106639201 0.0819091382394 0.0505579826607 0.0568395318831 0.0497204427643 0.0423297190846 0.0121103741766 0.0119179663626 0.0144645403717
2018-2-7 0.316245196939 0.185665442305 0.18346370844 0.0778969207482 0.0518148426501 0.0593092059997 0.0467974298991 0.0413460215304 0.0122048035905 0.0122577298854 0.0129986980131
2018-2-8 0.317936480882 0.182455542299 0.192114084427 0.0717118345549 0.0429407420033 0.0666780296574 0.0503266859838 0.0373387875689 0.0114084427021 0.0123515709335 0.0147377989887
2018-2-9 0.311317045037 0.183361296073 0.191868085776 0.0740051381534 0.0455617889163 0.0662454779007 0.05114559849 0.0395585382478 0.0111414040791 0.0119147485975 0.0138808787291
2018-2-10 0.206006668567 0.27384508596 0.172750598064 0.104912180671 0.0629919307857 0.0614549375906 0.0277774334693 0.0406187637121 0.0206750374952 0.0110812251323 0.0178861385525
2018-2-11 0.228736897525 0.249629062365 0.168286028813 0.0953908007467 0.0619824821711 0.0692217489111 0.0307399607524 0.0511893935768 0.0155315177332 0.0129110228306 0.0163810845738
2018-2-12 0.329750180827 0.190463472987 0.178189506482 0.0759917654259 0.0456796305569 0.0526901463306 0.0493963166973 0.0429199354587 0.0109608857731 0.0111611862238 0.0127969732376
2018-2-13 0.338545190913 0.160331077815 0.194514258096 0.0765345577574 0.0440671822136 0.0587361043983 0.051377477042 0.039572257129 0.00908651522475 0.0132914451426 0.0139439342678
2018-2-14 0.296527292113 0.19499443954 0.179952535455 0.0851954186396 0.054228815794 0.0550313564083 0.042844203937 0.0545842266375 0.012221547069 0.0115336551139 0.0128865092923
2018-2-15 0.339566328261 0.174316593936 0.183315621679 0.0764578198838 0.0463969973093 0.0598164017455 0.0453003821195 0.0381780360413 0.0120401564655 0.0102539172903 0.0143577452687
2018-2-16 0.309800901718 0.179598325736 0.190292250941 0.088780693801 0.0525380994374 0.0518549799411 0.0423534087663 0.0414964043074 0.0141467837492 0.0123458323501 0.0167923192528
2018-2-17 0.188305992793 0.260608287502 0.171960933055 0.119926986535 0.0707732789683 0.0555186800683 0.0375497819078 0.0444244263228 0.0200549971553 0.0125640053101 0.0183126303812
2018-2-18 0.193936906298 0.255529494547 0.174011962003 0.115679605958 0.0665181189164 0.0588718189281 0.0343614401313 0.0490090301396 0.0176850005864 0.0137563035065 0.0206403189867
2018-2-19 0.312313999211 0.178919313007 0.177855597653 0.0850852765062 0.0508073480022 0.0556717541742 0.0583609222054 0.0456082898087 0.0105415386822 0.0103503089555 0.0144856517946
2018-2-20 0.343053147606 0.158650684522 0.179231183117 0.0863424403659 0.0475727865128 0.0572427811323 0.0527590123752 0.0399952173133 0.0101632091828 0.0111197465176 0.0138697913553
2018-2-21 0.297212788688 0.179114589214 0.198883030929 0.0904258553152 0.0537899646496 0.0572381506605 0.0515230212016 0.039380542503 0.011656084702 0.00848583811766 0.0122901340189
2018-2-22 0.305423568386 0.192011358258 0.189474680549 0.0771415049692 0.0492569805963 0.0705442498817 0.049077141505 0.0352011358258 0.0125887363938 0.00771415049692 0.0115664931377
2018-2-23 0.278385677243 0.186770386151 0.190148800878 0.0975974522019 0.0584982193387 0.0597893332473 0.0471364169437 0.0414662750288 0.0127497498467 0.0111681353087 0.0162895538126
2018-2-24 0.217387504188 0.262240156161 0.165979576675 0.109371130567 0.0648243914519 0.0622459830728 0.030387343948 0.040992323044 0.0154121811587 0.0153976138797 0.0157617958542
2018-2-25 0.186722433607 0.295264650924 0.168694995498 0.0969531499608 0.0620310397243 0.071828981382 0.0336344360859 0.0425707010563 0.0143677326285 0.0132736936885 0.0146581854444
2018-2-26 0.310285038026 0.173444767575 0.204609047457 0.0684568314634 0.045127198334 0.0688880122565 0.0559709365797 0.040897956937 0.00953184774731 0.012045540031 0.010742823592
2018-2-27 0.305571098832 0.189952437574 0.189602713856 0.0856560816955 0.0513481849339 0.0606246065608 0.0458750087431 0.0372106036231 0.0106753165 0.00966986080996 0.0138140868714
2018-2-28 0.324102871901 0.171395573016 0.191393390444 0.0736890925956 0.0469071133664 0.0624579400156 0.0553645804914 0.0415143413179 0.0105672868809 0.0103217475128 0.0122860624579
2018-3-1 0.327630241947 0.177152848342 0.179761806681 0.0743232728238 0.0491216506925 0.0595391755692 0.0556303151805 0.0442882120854 0.00915423978616 0.011259714937 0.0121385219564
2018-3-2 0.331141126276 0.15805105721 0.198123659336 0.0745821841925 0.0439384296254 0.0622657520685 0.0511161398298 0.0418876552813 0.00891026094336 0.0154750960564 0.0145086391816
2018-3-3 0.240458123739 0.253531133657 0.163526302328 0.104569869554 0.0657202944269 0.0582743626908 0.0286185238867 0.0438372126069 0.0129735413647 0.0121635831415 0.0163270526047
2018-3-4 0.173486385801 0.289305509283 0.162916073538 0.118534896165 0.0722658024654 0.0672885685152 0.029419188095 0.0438259078656 0.0177282410072 0.00922756963584 0.0160018576289
2018-3-5 0.317071605979 0.173108119255 0.194636654416 0.0783697335741 0.0454491297853 0.060415540138 0.0561171650888 0.0391711193189 0.0107596850913 0.0122994015269 0.0126018458267
2018-3-6 0.346310669564 0.159184518266 0.190924143641 0.0767670495705 0.0441684776984 0.068187933354 0.0475939149333 0.0356100589879 0.00960364276105 0.0103797992342 0.0112697919901
2018-3-7 0.378903225038 0.141796823808 0.193442701073 0.0668358411666 0.0412094785375 0.0587583544801 0.0470591038517 0.0412094785375 0.00825619214411 0.0117588191143 0.0107699822486
2018-3-8 0.399614541105 0.148215591148 0.185884229415 0.0590150860637 0.0319532132651 0.0661527214727 0.0412839768725 0.037987638732 0.0087326377351 0.011085266166 0.0100750980262
2018-3-9 0.388034947431 0.14326965793 0.183192655116 0.0704723826448 0.0363690211758 0.0607877980157 0.0487783207463 0.0367540352436 0.00740411668888 0.0113579150007 0.0135791500074
2018-3-10 0.282018782048 0.214437978913 0.168769564633 0.0963492154942 0.0535998924545 0.0570567110292 0.0259837529527 0.0411169364906 0.0115227285821 0.011157842177 0.0379865952257
2018-3-11 0.247420175282 0.222310421358 0.188242155227 0.0923876946006 0.0574446370426 0.0627095854461 0.037356833903 0.0464611446808 0.0137050656904 0.0159892433054 0.0159730434642
2018-3-12 0.310096311957 0.19460653042 0.186685459244 0.0776227390181 0.0449894291755 0.0619497298567 0.0512379610054 0.0388818416725 0.0121212121212 0.00851303735025 0.0132957481795
2018-3-13 0.345296518098 0.170512480789 0.189485399332 0.0663416185277 0.0380624304415 0.070803964174 0.0522444220679 0.0385818008374 0.00801314325083 0.011585139647 0.00907308283428
2018-3-14 0.435897147105 0.122416569993 0.186367373602 0.0597272123171 0.0327975942424 0.057778728868 0.0412673026457 0.0319641388942 0.00839086803248 0.00976494306599 0.013628121234
2018-3-15 0.390025140993 0.145772462685 0.178025412788 0.0699757649883 0.0380399084958 0.0599873162556 0.0469864782225 0.0395121288306 0.00937691105524 0.0106679350411 0.0116305406446
2018-3-16 0.321988727219 0.179332478991 0.18985676537 0.0818240584279 0.0448076028896 0.0601063769464 0.0493325923994 0.0373226578359 0.00993456343491 0.0117150730916 0.0137791033943
2018-3-17 0.214265861485 0.263082093135 0.166839325871 0.108067817167 0.0618920079844 0.0603886095459 0.0313944968037 0.0459610379766 0.0168153220305 0.0133663491422 0.0179270788589
2018-3-18 0.210862120891 0.252869460463 0.184024718073 0.100143891312 0.0586384981763 0.0709640717895 0.0353147204158 0.0473502805323 0.0157276550178 0.0118236271765 0.0122809561522
2018-3-19 0.322513942599 0.158334244614 0.206181467527 0.0780984382301 0.042131005756 0.0594685409231 0.0572218190494 0.042608185623 0.0106967820183 0.010597369546 0.0121482041137
2018-3-20 0.342840074571 0.166033227245 0.180906178867 0.080894849056 0.046308026656 0.0647447187632 0.0453295429966 0.0421571959748 0.010124730917 0.0080853649744 0.0125760899793
2018-3-21 0.321975000252 0.168995074586 0.197379156133 0.0828456602975 0.050885869401 0.0572415668658 0.0429890915684 0.0429588743063 0.0117041528591 0.0100220586013 0.01300349513
2018-3-22 0.335213545934 0.167170857755 0.201865507027 0.0726035167328 0.0458813890464 0.0607130102309 0.0496208062856 0.0360916787462 0.00965315854709 0.00952711077498 0.0116594189198
2018-3-23 0.372691138649 0.16929878632 0.180245286628 0.0700469743023 0.0437541182222 0.0576551108466 0.040959040959 0.0353263757519 0.00814079537484 0.00990498862839 0.0119773843178
2018-3-24 0.231903132403 0.226003747116 0.195871978694 0.106266354923 0.0620441911958 0.0637164578914 0.0306891906539 0.0408311784835 0.0135174891225 0.0136568446805 0.0154994348358
2018-3-25 0.211198992857 0.247447932346 0.168504885191 0.108637346397 0.0657653466159 0.0652864063056 0.0400120419278 0.0472235146008 0.0144913653904 0.0130819124771 0.018350255891
2018-3-26 0.3346269025 0.139582094909 0.232977041017 0.0698751668368 0.0402651442928 0.0599602956516 0.0532307450734 0.0375172444734 0.00801938110567 0.0102513487141 0.0136946354266
2018-3-27 0.355938996122 0.155217607937 0.166525855159 0.0823422369533 0.0473451615 0.0571694720652 0.0437815471935 0.0404670609389 0.0101275968891 0.027934836767 0.0131496284743
2018-3-28 0.306862196814 0.172818409661 0.193614200791 0.0935292777398 0.0531908283104 0.0549928540359 0.0489032498602 0.0399759729903 0.0121792083515 0.00963151680855 0.0143022846372
2018-3-29 0.291252903993 0.191604084499 0.19451077854 0.0934680425739 0.0564806310444 0.0539089091793 0.0456426603274 0.0385542168675 0.0110216651359 0.00894699875736 0.0146091090821
2018-3-30 0.25476525741 0.200341152362 0.178750100171 0.114904236929 0.0585797529507 0.0534853636478 0.0323407860242 0.0636855903195 0.0137262309533 0.0121006056027 0.01732092363
2018-3-31 0.250552212659 0.219342676518 0.157989945921 0.11482214944 0.066589229949 0.0602292634626 0.0380074643918 0.0421585802422 0.0151572853987 0.0167948815599 0.0183563104578
2018-4-1 0.25272274548 0.191793872469 0.215654433258 0.0960485005954 0.0593049691458 0.0655840640901 0.0300746995778 0.0460972177114 0.0104795929414 0.0110425462813 0.0211973584497
2018-4-2 0.219193447144 0.214223237531 0.250146636619 0.106020848126 0.0573889420554 0.0495991932413 0.0271560728141 0.0393191944762 0.0111443830457 0.00881877771947 0.0169892672285
2018-4-3 0.299228311624 0.148793315311 0.256387318752 0.0728532809044 0.04058982551 0.0453969034161 0.0434406488081 0.0387515360039 0.00784467928238 0.0119439665766 0.0347702138117
2018-4-4 0.329070354607 0.129321805085 0.253130249286 0.0680874305677 0.0362336016159 0.0527015468327 0.0436328410812 0.035656502159 0.00799694961716 0.00823397260839 0.03593474654
2018-4-5 0.226368393441 0.177040315312 0.258262823013 0.0954007990422 0.056242349238 0.0476734957425 0.0458574906846 0.0392526130295 0.0122815749472 0.0102368877709 0.0313832577786
2018-4-6 0.106134981718 0.295497242591 0.172433993899 0.13942589338 0.0823990465224 0.051512029574 0.062905278468 0.0465830353716 0.0188069409935 0.00929236611923 0.0150091913621
2018-4-7 0.105555555556 0.312483266399 0.162483266399 0.153112449799 0.0873828647925 0.0546519410977 0.0307228915663 0.0485274431058 0.018641231593 0.00712851405622 0.0193105756359
2018-4-8 0.101555907173 0.329113924051 0.158412447257 0.14388185654 0.0837816455696 0.0620780590717 0.0308016877637 0.0473101265823 0.0193565400844 0.007805907173 0.0159018987342
2018-4-9 0.113903473122 0.265042507854 0.198018496957 0.130884646647 0.0836756661761 0.0555348081105 0.0649150941324 0.0435623119 0.0187386041607 0.00999538674458 0.0157290041959
2018-4-10 0.112432527318 0.266906569535 0.19467240093 0.143064027735 0.0818887962435 0.0507526221091 0.0594637293193 0.0459911352964 0.0215254311669 0.0074384517488 0.015864308597
2018-4-11 0.109815914371 0.282800802272 0.179418948706 0.137557837044 0.0795519987291 0.0558412931668 0.0604086820104 0.0499831205195 0.0212284290168 0.00881704628949 0.014575927875
2018-4-12 0.11527932128 0.28116444854 0.188192882119 0.128832027756 0.0788496462744 0.0610956007915 0.0554847803106 0.0456726208224 0.0178895725476 0.0112216409617 0.0163174585965
2018-4-13 0.117093444161 0.249175492693 0.201018903338 0.14299503955 0.0771953344952 0.0483710953211 0.0686150958574 0.0482906555839 0.019117844215 0.0087143048666 0.0194127899182
2018-4-14 0.0939664232396 0.316850359751 0.154329138484 0.148562343367 0.0928885176103 0.0493950254655 0.0515238890835 0.0431162251745 0.0209922121318 0.00956641246059 0.0188094532324
2018-4-15 0.107271361354 0.304792218576 0.162607251591 0.155806413349 0.0910007512554 0.0464196749832 0.0370882922779 0.0447194654225 0.0194535605551 0.0117433078961 0.0190977027401
2018-4-16 0.117371642941 0.275907696334 0.191906707574 0.125674319864 0.0792462158114 0.0534948308202 0.0644875169034 0.0480130283687 0.018830064124 0.00913149055589 0.0159364867026
2018-4-17 0.114423436915 0.29012230126 0.181798327717 0.13378260327 0.0767814800948 0.0514944465244 0.0589354798453 0.0452545862973 0.0210127293149 0.00932859103956 0.0170660177212
2018-4-18 0.101907484104 0.285967061386 0.18275681036 0.144373796885 0.0877909350755 0.0464135021097 0.0592467284995 0.046569056369 0.0200664994458 0.00863326138949 0.0162748643761
2018-4-19 0.0984985375366 0.318882027949 0.181072473188 0.130152746181 0.0814689632759 0.0506207344816 0.0531426714332 0.0434709132272 0.0174845628859 0.00865778355541 0.0165485862853
2018-4-20 0.102582682763 0.314556814919 0.175865793467 0.139292599226 0.0824708439863 0.0484680275085 0.0499719719446 0.0445987886411 0.0162152554655 0.00896897772795 0.01700824435
2018-4-21 0.105375063786 0.309576458581 0.168225888757 0.145121052333 0.0859273119011 0.0477405454442 0.0469751091455 0.0472869535635 0.0182570731984 0.0083631003005 0.0171514429892
2018-4-22 0.0946945447116 0.359994551522 0.153252060206 0.136974732684 0.0848872846149 0.0529319621331 0.0311244296125 0.0435333378737 0.0165906149969 0.00798202002316 0.0180344616223
2018-4-23 0.121132868753 0.280966017248 0.206511843477 0.106831311142 0.0633803982587 0.0598381143131 0.0791054905401 0.0450234221111 0.0137553175641 0.00898813169351 0.0144670848989
2018-4-24 0.108029939879 0.308731572111 0.176626541515 0.125798374463 0.0772598851144 0.0594646706747 0.0565322764217 0.0454721958143 0.0181701324264 0.00921227053011 0.0147021410495
2018-4-25 0.096174850689 0.328333062211 0.163417071414 0.133915084474 0.0852524923892 0.0473379656527 0.0570635123516 0.0476052148451 0.0156863656434 0.00831958355604 0.0168947967744
2018-4-26 0.0995837669095 0.325436466644 0.157370794311 0.140097121054 0.0867152271939 0.0443057000809 0.0496011099549 0.0509538674991 0.018499248468 0.00870620881027 0.0187304890739
2018-4-27 0.111592848498 0.281479325295 0.188929572718 0.124676359291 0.0802628958375 0.0536362661437 0.0652030701822 0.051874435065 0.0180166378135 0.00807378242152 0.0162548067348
2018-4-28 0.104253761308 0.345756867191 0.16830817922 0.11648834408 0.0758402418574 0.0643378445405 0.0453010226977 0.0415456198777 0.0159427478212 0.00880984435154 0.0134155270554
2018-4-29 0.0917795844625 0.383107497742 0.14235385211 0.131849270874 0.0824751580849 0.0524067621629 0.0266744096012 0.0457736482127 0.0177184152794 0.00891727964899 0.0169441218222
2018-4-30 0.1172679387 0.296853864638 0.197679784847 0.106971785038 0.0649596588106 0.072009420901 0.0589761135601 0.0469453683222 0.0136857683922 0.0100574483999 0.0145928483903
2018-5-1 0.113479215814 0.275739580791 0.208384175276 0.117871959652 0.0671655955964 0.0702839014073 0.048184603704 0.0588681905692 0.013259578622 0.0116055207571 0.0151576778112
2018-5-2 0.104834451075 0.313579236415 0.178552569045 0.121349738607 0.078378307018 0.0542192533136 0.0621666578656 0.0427602048899 0.0193668479696 0.00941278977663 0.0153799440249
2018-5-3 0.120238610232 0.259329250245 0.203365132852 0.130279365224 0.0767514400856 0.0515243277703 0.0655267411944 0.0494751940985 0.0177591584891 0.0120898886637 0.0136608911455
2018-5-4 0.121064301552 0.278640059128 0.195890613452 0.126474501109 0.0768366592757 0.0492535107169 0.05977827051 0.0473909830007 0.0180931263858 0.010081300813 0.0164966740576
2018-5-5 0.114759517382 0.311332708942 0.164949589554 0.135144069197 0.0827502616936 0.0597212274806 0.0323398159881 0.0515123133712 0.020715112115 0.0104126494408 0.0163627348355
2018-5-6 0.0995604037773 0.344553891241 0.150480299577 0.135257245197 0.0810810810811 0.0684223380007 0.0363073917291 0.0405405405405 0.0162813415825 0.0103793552589 0.0171361120156
2018-5-7 0.130973727294 0.247134949715 0.190145786232 0.11432914945 0.0709051220083 0.0620955796367 0.0910579246901 0.0530131753333 0.0137210571451 0.00990099009901 0.0167225383956
2018-5-8 0.153562189344 0.271865825655 0.166438973345 0.133999941866 0.0797314187716 0.0490945557074 0.0677266517455 0.0404325204197 0.0145626834869 0.00933058163532 0.013254658024
2018-5-9 0.103198987891 0.287113681547 0.161937466112 0.146719681909 0.0909090909091 0.0515814205675 0.0681727814929 0.0446412434484 0.0168082414603 0.0127959515633 0.0161214530996
2018-5-10 0.102314250914 0.332153609266 0.156091283065 0.130030105945 0.0829866936318 0.063176521959 0.0375060326799 0.0509962539931 0.0187989796153 0.0105026084159 0.0154436605152
2018-5-11 0.0957083638137 0.325286515484 0.171604486711 0.13195968463 0.0790051207023 0.0548443469073 0.0517556693489 0.0434650085345 0.015748191498 0.00900186946273 0.0216207429082
2018-5-12 0.0924565661727 0.353283086357 0.154190086868 0.138764690853 0.081821665815 0.0489908022483 0.0383559018906 0.0428270311702 0.01855518651 0.0101239141543 0.0206310679612
2018-5-13 0.102344018228 0.319079871407 0.186429039608 0.116295764537 0.0786229283061 0.0598021161709 0.0454758263367 0.051250039015 0.0156059802116 0.00948843596866 0.0156059802116
2018-5-14 0.130688415814 0.25095382914 0.20779651645 0.115814210672 0.0733480785181 0.0518385402267 0.0863699198231 0.0468343931435 0.0131877246337 0.00981476361626 0.0133536079624
2018-5-15 0.110097138128 0.277388160474 0.182580476543 0.129002047306 0.0837653003441 0.0464346386723 0.0787123753104 0.0519013808424 0.0160953086205 0.00906041730191 0.0149627564577
2018-5-16 0.107160332735 0.30643451313 0.179966563366 0.127161148263 0.079412004567 0.0505831022672 0.0619393247431 0.0461792529767 0.016086282825 0.00986788452129 0.0152095906051
2018-5-17 0.0958993208392 0.324272813904 0.170425496513 0.128011979852 0.0775060126151 0.0548622770795 0.06573792561 0.0421866255237 0.0160185143168 0.00900001512608 0.0160790186202
2018-5-18 0.104156429503 0.315112594676 0.177779283935 0.13323279733 0.0741311825406 0.0510361421285 0.0607282647373 0.0407001372486 0.0186217530542 0.00938712574343 0.0151142891031
2018-5-19 0.09407423486 0.352919470371 0.153527241155 0.137573258086 0.0845886694161 0.045778163664 0.0432168439331 0.0419361840677 0.0205339700456 0.009963099631 0.015888864771
2018-5-20 0.094586944985 0.358446842385 0.151017159031 0.13808597205 0.085335220237 0.054431275429 0.033309747037 0.0404563948346 0.0189280028304 0.00942862197064 0.015973819211
2018-5-21 0.102926681325 0.328758814163 0.168644324816 0.124687239366 0.0835923875957 0.058780043976 0.0377966487224 0.0481651376147 0.0197323527182 0.0104253544621 0.01649101524
2018-5-22 0.118704450807 0.267796720458 0.199635606455 0.122787610619 0.0645985163977 0.0572130400833 0.080345523165 0.0505433368037 0.0163001041124 0.00920744403956 0.0128676470588
2018-5-23 0.101868949695 0.321036875385 0.171171171171 0.132519165128 0.0791925465839 0.0515360080577 0.0570757092496 0.0444575009792 0.0162274075318 0.0085333780986 0.0163812881204
2018-5-24 0.106250093163 0.307332270037 0.176859898341 0.129697258783 0.0741872493926 0.0574477916735 0.0604588072205 0.045895628065 0.0160239688762 0.00956966327306 0.0162773711747
2018-5-25 0.0890708240793 0.345860732483 0.159270710854 0.133330430112 0.080622450609 0.0514886266312 0.0556982972608 0.0414579976484 0.0171290046306 0.009987080666 0.0160838450261
2018-5-26 0.0872399875815 0.377261066357 0.140574192389 0.140819294433 0.0822072256083 0.0550008987075 0.03436330659 0.0380071569797 0.0195754832595 0.00970604094838 0.0152453471462
2018-5-27 0.0947817793724 0.359341175046 0.152534931953 0.129146040541 0.0757073436578 0.0613712399897 0.0393902235948 0.0477617814917 0.016758254235 0.00832614257384 0.0148810875456
2018-5-28 0.121537790893 0.259791429146 0.21209174435 0.115854067467 0.0710549258936 0.0604419556032 0.0752799946348 0.0465092884448 0.0151733619476 0.00902018643954 0.0132452551807
2018-5-29 0.105593326108 0.300784970605 0.166962262292 0.131211613624 0.082142739843 0.0641935166026 0.0619272834762 0.0456531021119 0.0189181200118 0.00885144677637 0.0137616185503
2018-5-30 0.100003117304 0.326755821566 0.168365597431 0.125985847439 0.0814863306213 0.0576077807912 0.0546619283644 0.0427070669285 0.0176751145609 0.0108170454191 0.0139343495745
2018-5-31 0.104461251781 0.333406408711 0.158920676678 0.137893236874 0.0794694727612 0.0551353721364 0.0386386057218 0.0494172238664 0.0172092513428 0.0102305528152 0.0152179473127
2018-6-1 0.100644209704 0.311997050084 0.187905342386 0.131488189489 0.0731405765351 0.0537058325922 0.0601045485109 0.0384139860747 0.0177211895104 0.0107802095308 0.0140988655836
2018-6-2 0.0867055439537 0.356633437094 0.16302848812 0.132747547185 0.0754954883959 0.0574687733953 0.039698175657 0.0401710075259 0.0186965601482 0.0103825997872 0.0189723787383
2018-6-3 0.104054993051 0.304670438753 0.196620011912 0.119987095493 0.0707762557078 0.0595344451062 0.0531814572166 0.0474985110185 0.0156839388525 0.011911852293 0.0160810005956
2018-6-4 0.117005479031 0.24691484459 0.230503353986 0.108402888013 0.0665932715449 0.0673613600287 0.0807004966972 0.0436274258795 0.0132623278202 0.0114957243074 0.0141328281018
2018-6-5 0.124003632328 0.262334779538 0.194430430834 0.125491877712 0.0801886792453 0.0556452426597 0.0643476944809 0.0468418928463 0.0176823731208 0.0130158409848 0.0160175562506
2018-6-6 0.104523393516 0.301261890895 0.179654436032 0.129120559115 0.080722189866 0.0576392933411 0.0601242477189 0.0412347117065 0.0217821782178 0.00838672102504 0.0155503785673
2018-6-7 0.111240404647 0.295583791596 0.189035491076 0.127925526923 0.0799909911601 0.0536589027984 0.0616542482311 0.037818359265 0.0189373322573 0.00914021883974 0.015014733207
2018-6-8 0.104217082556 0.31455548062 0.183599793708 0.115543301464 0.0731741183005 0.0621851073115 0.0610544689967 0.0412782163685 0.015947950966 0.0123180069028 0.0161264728052
2018-6-9 0.101155555556 0.3336 0.1634 0.135088888889 0.0838444444444 0.0565777777778 0.0313555555556 0.0426888888889 0.0225777777778 0.0115555555556 0.0181555555556
2018-6-10 0.0969153574073 0.323829892243 0.164810397302 0.142979353459 0.0857283869376 0.0571687093855 0.0329193057498 0.0450933618491 0.0207123467961 0.0107592333635 0.0190836555071
2018-6-11 0.110640422653 0.274531280201 0.203128020102 0.118194703949 0.070630114039 0.0616583982991 0.0730461954771 0.0468236582694 0.0160588879583 0.00990593389601 0.0153823851556
2018-6-12 0.124964829776 0.255858354435 0.204188271233 0.115619598858 0.0762088508381 0.057498291732 0.0667832308373 0.0518107640982 0.0177458901081 0.013244101451 0.0160778166325
2018-6-13 0.116742898647 0.27871459139 0.182250053984 0.13696236823 0.0820164504034 0.0582831118353 0.0556918788402 0.0449539663532 0.0185705031311 0.00961897096641 0.016195206219
2018-6-14 0.107351329993 0.297824954649 0.177434128994 0.133484203531 0.0784884243045 0.0604738042639 0.0562530308745 0.047057133107 0.0164340751118 0.0100939346588 0.0151049805126
2018-6-15 0.110347315045 0.312477457408 0.177243120531 0.11781554325 0.0739397025439 0.0652409140093 0.0572634884264 0.0432605605414 0.0186493539558 0.00984448263425 0.0139180616553
2018-6-16 0.112972844373 0.310505386942 0.169425279543 0.135506236618 0.0871427114842 0.0567243313054 0.0372157835707 0.0484994732012 0.0163477551575 0.00951636474867 0.0161438330558
2018-6-17 0.106729009961 0.307699009671 0.173205936166 0.131124212238 0.0808526704034 0.062265849621 0.0402230418494 0.0528853135074 0.0190805332094 0.0109778410246 0.0149565823483
2018-6-18 0.13351589634 0.237109270639 0.212429869089 0.103459791611 0.0693962062517 0.0646874165108 0.0902685012022 0.0578079080951 0.00961795351322 0.00874966604328 0.0129575207053
2018-6-19 0.11631351677 0.297273548905 0.182943362121 0.128138180358 0.0761197027516 0.0543030729062 0.0580688893352 0.0469220727054 0.0170465957019 0.00923880297248 0.013632255473
2018-6-20 0.0997401406298 0.315786456741 0.16598517273 0.138776368083 0.0888298685417 0.0532711708958 0.0506152552736 0.0427430449404 0.0192028431672 0.00857918067869 0.0164704983186
2018-6-21 0.103404500866 0.310328909406 0.173720220922 0.127722364191 0.0802901656912 0.0542412002308 0.0558239221828 0.0444975682137 0.0202786250103 0.0120023081362 0.0176902151513
2018-6-22 0.117920287684 0.269403655978 0.209769253821 0.11519828189 0.0703476176206 0.0617820397563 0.0591599240835 0.0499700329637 0.0196284087504 0.0134601937868 0.013360303666
2018-6-23 0.118002310682 0.268616741939 0.202972376851 0.138273290621 0.0809263732801 0.0489444386094 0.0445856527676 0.0554563596261 0.0181178447642 0.0113958617792 0.012708749081
2018-6-24 0.107956123299 0.308525409608 0.182692307692 0.127985281866 0.0795612329908 0.0625520688698 0.0336712024438 0.0527284087753 0.0163149125243 0.013156067759 0.0148569841711
2018-6-25 0.119390829872 0.260987593995 0.192415234683 0.122051198523 0.0766349051226 0.0603469337894 0.0682737465049 0.051904335315 0.0218530282053 0.011455873171 0.0146863208187
2018-6-26 0.109628781749 0.280397071303 0.179353081644 0.150579226777 0.0864597106826 0.0521402774763 0.0461605257445 0.0433581338438 0.0232677468374 0.010459631742 0.0181958122003
2018-6-27 0.103232277022 0.314975454401 0.165678391076 0.1392852744 0.0854609117942 0.0484225713934 0.0479650907043 0.0425808949026 0.0232259426742 0.0105044604367 0.0186687311949
2018-6-28 0.09390311122 0.347715580598 0.138672831945 0.15525477707 0.094194022538 0.0393648946595 0.0416921852033 0.0420137187653 0.0171637677609 0.00894169524743 0.0210834149927
2018-6-29 0.100408477842 0.322250481696 0.162173410405 0.148053949904 0.0908824662813 0.0408786127168 0.0426666666667 0.0432369942197 0.0181271676301 0.0101425818882 0.0211791907514
2018-6-30 0.105254451085 0.325482330073 0.17045431047 0.138485080337 0.0824045162224 0.0512210757046 0.031989908807 0.0391860873881 0.0226224694473 0.0126553485391 0.0202444219277
2018-7-1 0.108017898174 0.282089732737 0.200628854759 0.144104486637 0.0816785584714 0.0522675051397 0.0319264723667 0.0460998911598 0.0220824767203 0.0113919458217 0.0197121780143
2018-7-2 0.11891865751 0.264411451785 0.219242673373 0.108569494148 0.0660363671535 0.0570171196441 0.0725892252636 0.0515040139278 0.0154512041784 0.0105426056679 0.0157171873489
2018-7-3 0.113383115826 0.295019424477 0.185986461023 0.127410612511 0.0788843138623 0.0549701072417 0.0578081745644 0.0444785632866 0.0169586153954 0.0107241724242 0.0143764393887
2018-7-4 0.110006414368 0.307388550353 0.173568794099 0.135363213598 0.0871953175112 0.0511345413727 0.0501322963438 0.0430163566389 0.0184613534317 0.00932087876844 0.0144122835151
2018-7-5 0.127241971861 0.253302545376 0.201858017399 0.124288475996 0.078965739448 0.0536462248953 0.0642251100848 0.0542369240683 0.014337879927 0.0112232842874 0.0166738266566
2018-7-6 0.110575400317 0.262326236143 0.188562379025 0.146436741158 0.0810839345416 0.0580327291923 0.056836178075 0.0505366883688 0.0171388351223 0.012704557452 0.0157663206053
2018-7-7 0.11970889648 0.292588742017 0.178226644883 0.130848061785 0.0765631961978 0.0546561710976 0.0399524728947 0.0548789544037 0.0181197088965 0.0116589930195 0.0227981583247
2018-7-8 0.0972198914807 0.336997259048 0.164764781563 0.141998098115 0.0900878223416 0.0508474576271 0.0301225037758 0.042568663646 0.016977121441 0.0097331767075 0.0186832242546
2018-7-9 0.12531425835 0.264785107147 0.192146534179 0.126960373518 0.0783850113732 0.0577038189872 0.0674308631629 0.0462109421765 0.0162815754819 0.00924817430863 0.0155333413145
2018-7-10 0.11611451676 0.275270640407 0.183481152993 0.134896308856 0.08803965045 0.0532802921612 0.052236859267 0.0491391678623 0.0143798095735 0.013499413069 0.0196621886005
2018-7-11 0.115658688105 0.296607588769 0.1880747914 0.12351543943 0.0745173274864 0.0577075339546 0.0568548632682 0.0464705524088 0.0152262622571 0.00712589073634 0.0182410621841
2018-7-12 0.0868256540866 0.248668673304 0.192637184533 0.157675387821 0.102106969206 0.0442231998148 0.0854364436212 0.0252373234545 0.0208381569808 0.00856679786988 0.0277842093077
2018-7-13 0.0478927203065 0.0670498084291 0.240421455939 0.225095785441 0.0488505747126 0.0325670498084 0.165708812261 0.00095785440613 0.00862068965517 0.00862068965517 0.154214559387
2018-7-14 0.0537280701754 0.0844298245614 0.241228070175 0.265350877193 0.0405701754386 0.0350877192982 0.0668859649123 0 0.0120614035088 0.0109649122807 0.189692982456
2018-7-15 0.0443425076453 0.0940366972477 0.301987767584 0.216360856269 0.0229357798165 0.0244648318043 0.0665137614679 0 0.0045871559633 0.0183486238532 0.206422018349
2018-7-16 0.0326566637246 0.0864960282436 0.306266548985 0.147396293027 0.0300088261253 0.0511915269197 0.204766107679 0 0.00264783759929 0.00264783759929 0.135922330097
2018-7-17 0.0233128834356 0.0613496932515 0.272392638037 0.168098159509 0.0319018404908 0.0478527607362 0.186503067485 0.00490797546012 0.00736196319018 0.0122699386503 0.184049079755
2018-7-18 0.0390848427073 0.0467111534795 0.318398474738 0.124880838894 0.0095328884652 0.0343183984747 0.213536701621 0.00095328884652 0.00095328884652 0.0114394661582 0.200190657769
2018-7-19 0.0741935483871 0.0774193548387 0.354838709677 0.105376344086 0.0161290322581 0.0301075268817 0.187096774194 0.0010752688172 0.00215053763441 0.00215053763441 0.149462365591
2018-7-20 0.042025862069 0.0592672413793 0.309267241379 0.136853448276 0.0118534482759 0.0614224137931 0.178879310345 0 0.00323275862069 0.00323275862069 0.193965517241
2018-7-21 0.0589123867069 0.12084592145 0.321752265861 0.152567975831 0.0271903323263 0.0634441087613 0.0558912386707 0 0.00151057401813 0 0.197885196375
2018-7-22 0.0581818181818 0.0763636363636 0.336727272727 0.154181818182 0.00872727272727 0.0567272727273 0.0916363636364 0.000727272727273 0.00290909090909 0.00872727272727 0.205090909091
2018-7-23 0.0278372591006 0.0927908636688 0.345467523198 0.135617416131 0.00713775874375 0.03426124197 0.203426124197 0 0.000713775874375 0.00428265524625 0.14846538187
2018-7-24 0.0261958997722 0.0956719817768 0.316628701595 0.117881548975 0.00626423690205 0.0398633257403 0.205580865604 0.00341685649203 0.00227790432802 0.00398633257403 0.182232346241
2018-7-25 0.0297723292469 0.0700525394046 0.313485113835 0.117338003503 0.00408639813193 0.0537069468768 0.235259778167 0.00116754232341 0.000583771161705 0.00758902510216 0.166958552248
2018-7-26 0.0386075949367 0.0848101265823 0.277215189873 0.166455696203 0.00443037974684 0.0379746835443 0.214556962025 0 0.00126582278481 0 0.174683544304
2018-7-27 0.0478955007257 0.0769230769231 0.304063860668 0.134978229318 0.00653120464441 0.0529753265602 0.197387518142 0.00145137880987 0.000725689404935 0.00362844702467 0.173439767779
2018-7-28 0.0494505494505 0.108058608059 0.301282051282 0.154761904762 0.00732600732601 0.03663003663 0.0833333333333 0.000915750915751 0 0.00274725274725 0.255494505495
2018-7-29 0.0254545454545 0.144545454545 0.310909090909 0.135454545455 0.00636363636364 0.0336363636364 0.0863636363636 0 0.00181818181818 0.00727272727273 0.248181818182
2018-7-30 0 0 0 0 0 0 0 0 0 0 1.0
2018-7-31 0 0 0 0 0 0 0 0 0 0 1.0
