(set(['']),_set(['*/*'])) (set(['']),_set(['text/html,application/xhtml+xml,application/xml;q=0.9,*/*;q=0.8'])) (set(['text/html,application/xhtml+xml,application/xml;q=0.9,*/*;q=0.8']),_set(['*/*'])) (set(['']),_set(['*/*,image/webp'])) (set(['']),_set(['None'])) (set(['*/*,image/webp']),_set(['*/*'])) (set(['None']),_set(['image/webp,*/*'])) (set(['']),_set(['text/xml,text/html,application/xhtml+xml,image/png,text/plain,*/*;q=0.8'])) (set(['']),_set(['*/*;q=0.8',_'text/xml,',_'text/html,',_'image/png,',_'application/xhtml+xml,',_'text/plain,'])) 
2017-11-21 0 0 0 0 0 0 0 0 0 0 0 0 0 0 0 0 0 0 
2017-11-22 0 0 0 0 0 0 0 0 0 0 0 0 0 0 0 0 0 0 
2017-11-23 0 0 0 0 0 0 0 0 0 0 0 0 0 0 0 0 0 0 
2017-11-24 0 0 0 0 0 0 0 0 0 0 0 0 0 0 0 0 0 0 
2017-11-25 0 0 0 0 0 0 0 0 0 0 0 0 0 0 0 0 0 0 
2017-11-26 0 0 0 0 0 0 0 0 0 0 0 0 0 0 0 0 0 0 
2017-11-27 0 0 0 0 0 0 0 0 0 0 0 0 0 0 0 0 0 0 
2017-11-28 0 0 0 0 0 0 0 0 0 0 0 0 0 0 0 0 0 0 
2017-11-29 0 0 0 0 0 0 0 0 0 0 0 0 0 0 0 0 0 0 
2017-11-30 0 0 0 0 0 0 0 0 0 0 0 0 0 0 0 0 0 0 
2017-12-1 0 0 0 0 0 0 0 0 0 0 0 0 0 0 0 0 0 0 
2017-12-2 0 0 0 0 0 0 0 0 0 0 0 0 0 0 0 0 0 0 
2017-12-3 0 0 0 0 0 0 0 0 0 0 0 0 0 0 0 0 0 0 
2017-12-4 0 0 0 0 0 0 0 0 0 0 0 0 0 0 0 0 0 0 
2017-12-5 0 0 0 0 0 0 0 0 0 0 0 0 0 0 0 0 0 0 
2017-12-6 0 0 0 0 0 0 0 0 0 0 0 0 0 0 0 0 0 0 
2017-12-7 0 0 0 0 0 0 0 0 0 0 0 0 0 0 0 0 0 0 
2017-12-8 0 0 0 0 0 0 0 0 0 0 0 0 0 0 0 0 0 0 
2017-12-9 0 0 0 0 0 0 0 0 0 0 0 0 0 0 0 0 0 0 
2017-12-10 0 0 0 0 0 0 0 0 0 0 0 0 0 0 0 0 0 0 
2017-12-11 0 0 0 0 0 0 0 0 0 0 0 0 0 0 0 0 0 0 
2017-12-12 0 0 0 0 0 0 0 0 0 0 0 0 0 0 0 0 0 0 
2017-12-13 0 0 0 0 0 0 0 0 0 0 0 0 0 0 0 0 0 0 
2017-12-14 0 0 0 0 0 0 0 0 0 0 0 0 0 0 0 0 0 0 
2017-12-15 0 0 0 0 0 0 0 0 0 0 0 0 0 0 0 0 0 0 
2017-12-16 0 0 0 0 0 0 0 0 0 0 0 0 0 0 0 0 0 0 
2017-12-17 0 0 0 0 0 0 0 0 0 0 0 0 0 0 0 0 0 0 
2017-12-18 0 0 0 0 0 0 0 0 0 0 0 0 0 0 0 0 0 0 
2017-12-19 0 0 0 0 0 0 0 0 0 0 0 0 0 0 0 0 0 0 
2017-12-20 0 0 0 0 0 0 0 0 0 0 0 0 0 0 0 0 0 0 
2017-12-21 0 0 0 0 0 0 0 0 0 0 0 0 0 0 0 0 0 0 
2017-12-22 0 0 0 0 0 0 0 0 0 0 0 0 0 0 0 0 0 0 
2017-12-23 0 0 0 0 0 0 0 0 0 0 0 0 0 0 0 0 0 0 
2017-12-24 0 0 0 0 0 0 0 0 0 0 0 0 0 0 0 0 0 0 
2017-12-25 0 0 0 0 0 0 0 0 0 0 0 0 0 0 0 0 0 0 
2017-12-26 0 0 0 0 0 0 0 0 0 0 0 0 0 0 0 0 0 0 
2017-12-27 0 0 0 0 0 0 0 0 0 0 0 0 0 0 0 0 0 0 
2017-12-28 0 0 0 0 0 0 0 0 0 0 0 0 0 0 0 0 0 0 
2017-12-29 0 0 0 0 0 0 0 0 0 0 0 0 0 0 0 0 0 0 
2017-12-30 0 0 0 0 0 0 0 0 0 0 0 0 0 0 0 0 0 0 
2017-12-31 0 0 0 0 0 0 0 0 0 0 0 0 0 0 0 0 0 0 
2018-1-1 0 0 0 0 0 0 0 0 0 0 0 0 0 0 0 0 0 0 
2018-1-2 0 0 0 0 0 0 0 0 0 0 0 0 0 0 0 0 0 0 
2018-1-3 0 0 0 0 0 0 0 0 0 0 0 0 0 0 0 0 0 0 
2018-1-4 0 0 0 0 0 0 0 0 0 0 0 0 0 0 0 0 0 0 
2018-1-5 0 0 0 0 0 0 0 0 0 0 0 0 0 0 0 0 0 0 
2018-1-6 0 0 0 0 0 0 0 0 0 0 0 0 0 0 0 0 0 0 
2018-1-7 0 0 0 0 0 0 0 0 0 0 0 0 0 0 0 0 0 0 
2018-1-8 0 0 0 0 0 0 0 0 0 0 0 0 0 0 0 0 0 0 
2018-1-9 0 0 0 0 0 0 0 0 0 0 0 0 0 0 0 0 0 0 
2018-1-10 0 0 0 0 0 0 0 0 0 0 0 0 0 0 0 0 0 0 
2018-1-11 0 0 0 0 0 0 0 0 0 0 0 0 0 0 0 0 0 0 
2018-1-12 0 0 0 0 0 0 0 0 0 0 0 0 0 0 0 0 0 0 
2018-1-13 0 0 0 0 0 0 0 0 0 0 0 0 0 0 0 0 0 0 
2018-1-14 0 0 0 0 0 0 0 0 0 0 0 0 0 0 0 0 0 0 
2018-1-15 0 0 0 0 0 0 0 0 0 0 0 0 0 0 0 0 0 0 
2018-1-16 0 0 0 0 0 0 0 0 0 0 0 0 0 0 0 0 0 0 
2018-1-17 0 0 0 0 0 0 0 0 0 0 0 0 0 0 0 0 0 0 
2018-1-18 0 0 0 0 0 0 0 0 0 0 0 0 0 0 0 0 0 0 
2018-1-19 0 0 0 0 0 0 0 0 0 0 0 0 0 0 0 0 0 0 
2018-1-20 0 0 0 0 0 0 0 0 0 0 0 0 0 0 0 0 0 0 
2018-1-21 0 0 0 0 0 0 0 0 0 0 0 0 0 0 0 0 0 0 
2018-1-22 0 0 0 0 0 0 0 0 0 0 0 0 0 0 0 0 0 0 
2018-1-23 0 0 0 0 0 0 0 0 0 0 0 0 0 0 0 0 0 0 
2018-1-24 0 0 0 0 0 0 0 0 0 0 0 0 0 0 0 0 0 0 
2018-1-25 0 0 0 0 0 0 0 0 0 0 0 0 0 0 0 0 0 0 
2018-1-26 0 0 0 0 0 0 0 0 0 0 0 0 0 0 0 0 0 0 
2018-1-27 0 0 0 0 0 0 0 0 0 0 0 0 0 0 0 0 0 0 
2018-1-28 0 0 0 0 0 0 0 0 0 0 0 0 0 0 0 0 0 0 
2018-1-29 1037 5 5 0 0 0 0 0 0 0 0 0 0 0 0 0 0 0 
2018-1-30 5348 29 27 2 0 2 2 0 0 0 0 0 0 0 0 0 0 0 
2018-1-31 3962 20 19 1 0 1 0 1 1 0 0 0 0 0 0 0 0 0 
2018-2-1 2609 17 16 1 0 1 0 1 1 0 0 0 0 0 0 0 0 0 
2018-2-2 1977 8 7 1 0 1 0 1 1 0 0 0 0 0 0 0 0 0 
2018-2-3 2165 11 9 2 1 1 0 1 0 1 0 1 0 1 1 0 0 0 
2018-2-4 1936 6 4 2 0 2 1 1 1 0 0 0 0 0 0 0 0 0 
2018-2-5 1230 8 8 0 0 0 0 0 0 0 0 0 0 0 0 0 0 0 
2018-2-6 979 5 5 0 0 0 0 0 0 0 0 0 0 0 0 0 0 0 
2018-2-7 972 8 7 1 0 1 0 1 0 1 0 1 0 1 0 1 1 0 
2018-2-8 963 5 5 0 0 0 0 0 0 0 0 0 0 0 0 0 0 0 
2018-2-9 1285 4 4 0 0 0 0 0 0 0 0 0 0 0 0 0 0 0 
2018-2-10 1119 4 3 1 0 1 1 0 0 0 0 0 0 0 0 0 0 0 
2018-2-11 881 0 0 0 0 0 0 0 0 0 0 0 0 0 0 0 0 0 
2018-2-12 661 2 2 0 0 0 0 0 0 0 0 0 0 0 0 0 0 0 
2018-2-13 851 3 2 1 0 1 0 1 0 1 1 0 0 0 0 0 0 0 
2018-2-14 575 1 1 0 0 0 0 0 0 0 0 0 0 0 0 0 0 0 
2018-2-15 648 5 4 1 0 1 0 1 1 0 0 0 0 0 0 0 0 0 
2018-2-16 440 3 3 0 0 0 0 0 0 0 0 0 0 0 0 0 0 0 
2018-2-17 578 2 2 0 0 0 0 0 0 0 0 0 0 0 0 0 0 0 
2018-2-18 391 0 0 0 0 0 0 0 0 0 0 0 0 0 0 0 0 0 
2018-2-19 430 6 5 1 0 1 0 1 0 1 0 1 1 0 0 0 0 0 
2018-2-20 422 1 1 0 0 0 0 0 0 0 0 0 0 0 0 0 0 0 
2018-2-21 1228 2 2 0 0 0 0 0 0 0 0 0 0 0 0 0 0 0 
2018-2-22 1020 6 6 0 0 0 0 0 0 0 0 0 0 0 0 0 0 0 
2018-2-23 937 2 2 0 0 0 0 0 0 0 0 0 0 0 0 0 0 0 
2018-2-24 853 2 2 0 0 0 0 0 0 0 0 0 0 0 0 0 0 0 
2018-2-25 777 3 2 1 0 1 1 0 0 0 0 0 0 0 0 0 0 0 
2018-2-26 789 2 2 0 0 0 0 0 0 0 0 0 0 0 0 0 0 0 
2018-2-27 811 7 7 0 0 0 0 0 0 0 0 0 0 0 0 0 0 0 
2018-2-28 845 8 6 2 0 2 2 0 0 0 0 0 0 0 0 0 0 0 
2018-3-1 800 6 6 0 0 0 0 0 0 0 0 0 0 0 0 0 0 0 
2018-3-2 637 3 2 1 1 0 0 0 0 0 0 0 0 0 0 0 0 0 
2018-3-3 551 3 3 0 0 0 0 0 0 0 0 0 0 0 0 0 0 0 
2018-3-4 574 2 2 0 0 0 0 0 0 0 0 0 0 0 0 0 0 0 
2018-3-5 554 2 1 1 0 1 1 0 0 0 0 0 0 0 0 0 0 0 
2018-3-6 511 2 2 0 0 0 0 0 0 0 0 0 0 0 0 0 0 0 
2018-3-7 374 2 2 0 0 0 0 0 0 0 0 0 0 0 0 0 0 0 
2018-3-8 389 0 0 0 0 0 0 0 0 0 0 0 0 0 0 0 0 0 
2018-3-9 356 1 1 0 0 0 0 0 0 0 0 0 0 0 0 0 0 0 
2018-3-10 307 0 0 0 0 0 0 0 0 0 0 0 0 0 0 0 0 0 
2018-3-11 412 1 1 0 0 0 0 0 0 0 0 0 0 0 0 0 0 0 
2018-3-12 337 3 3 0 0 0 0 0 0 0 0 0 0 0 0 0 0 0 
2018-3-13 285 1 1 0 0 0 0 0 0 0 0 0 0 0 0 0 0 0 
2018-3-14 335 5 4 1 1 0 0 0 0 0 0 0 0 0 0 0 0 0 
2018-3-15 331 1 1 0 0 0 0 0 0 0 0 0 0 0 0 0 0 0 
2018-3-16 412 3 2 1 1 0 0 0 0 0 0 0 0 0 0 0 0 0 
2018-3-17 459 1 1 0 0 0 0 0 0 0 0 0 0 0 0 0 0 0 
2018-3-18 357 1 1 0 0 0 0 0 0 0 0 0 0 0 0 0 0 0 
2018-3-19 237 4 4 0 0 0 0 0 0 0 0 0 0 0 0 0 0 0 
2018-3-20 235 2 1 1 1 0 0 0 0 0 0 0 0 0 0 0 0 0 
2018-3-21 191 1 1 0 0 0 0 0 0 0 0 0 0 0 0 0 0 0 
2018-3-22 316 1 1 0 0 0 0 0 0 0 0 0 0 0 0 0 0 0 
2018-3-23 255 0 0 0 0 0 0 0 0 0 0 0 0 0 0 0 0 0 
2018-3-24 302 1 1 0 0 0 0 0 0 0 0 0 0 0 0 0 0 0 
2018-3-25 335 1 1 0 0 0 0 0 0 0 0 0 0 0 0 0 0 0 
2018-3-26 214 0 0 0 0 0 0 0 0 0 0 0 0 0 0 0 0 0 
2018-3-27 219 0 0 0 0 0 0 0 0 0 0 0 0 0 0 0 0 0 
2018-3-28 181 0 0 0 0 0 0 0 0 0 0 0 0 0 0 0 0 0 
2018-3-29 231 3 3 0 0 0 0 0 0 0 0 0 0 0 0 0 0 0 
2018-3-30 234 1 1 0 0 0 0 0 0 0 0 0 0 0 0 0 0 0 
2018-3-31 215 1 1 0 0 0 0 0 0 0 0 0 0 0 0 0 0 0 
2018-4-1 188 0 0 0 0 0 0 0 0 0 0 0 0 0 0 0 0 0 
2018-4-2 109 0 0 0 0 0 0 0 0 0 0 0 0 0 0 0 0 0 
2018-4-3 128 1 0 1 1 0 0 0 0 0 0 0 0 0 0 0 0 0 
2018-4-4 184 3 2 1 1 0 0 0 0 0 0 0 0 0 0 0 0 0 
2018-4-5 207 1 1 0 0 0 0 0 0 0 0 0 0 0 0 0 0 0 
2018-4-6 327 3 3 0 0 0 0 0 0 0 0 0 0 0 0 0 0 0 
2018-4-7 254 0 0 0 0 0 0 0 0 0 0 0 0 0 0 0 0 0 
2018-4-8 116 2 2 0 0 0 0 0 0 0 0 0 0 0 0 0 0 0 
2018-4-9 94 1 1 0 0 0 0 0 0 0 0 0 0 0 0 0 0 0 
2018-4-10 91 1 1 0 0 0 0 0 0 0 0 0 0 0 0 0 0 0 
2018-4-11 89 0 0 0 0 0 0 0 0 0 0 0 0 0 0 0 0 0 
2018-4-12 129 1 1 0 0 0 0 0 0 0 0 0 0 0 0 0 0 0 
2018-4-13 97 0 0 0 0 0 0 0 0 0 0 0 0 0 0 0 0 0 
2018-4-14 107 0 0 0 0 0 0 0 0 0 0 0 0 0 0 0 0 0 
2018-4-15 120 0 0 0 0 0 0 0 0 0 0 0 0 0 0 0 0 0 
2018-4-16 346 2 2 0 0 0 0 0 0 0 0 0 0 0 0 0 0 0 
2018-4-17 299 0 0 0 0 0 0 0 0 0 0 0 0 0 0 0 0 0 
2018-4-18 419 4 4 0 0 0 0 0 0 0 0 0 0 0 0 0 0 0 
2018-4-19 442 2 2 0 0 0 0 0 0 0 0 0 0 0 0 0 0 0 
2018-4-20 417 1 1 0 0 0 0 0 0 0 0 0 0 0 0 0 0 0 
2018-4-21 328 1 1 0 0 0 0 0 0 0 0 0 0 0 0 0 0 0 
2018-4-22 258 1 1 0 0 0 0 0 0 0 0 0 0 0 0 0 0 0 
2018-4-23 258 0 0 0 0 0 0 0 0 0 0 0 0 0 0 0 0 0 
2018-4-24 196 0 0 0 0 0 0 0 0 0 0 0 0 0 0 0 0 0 
2018-4-25 173 0 0 0 0 0 0 0 0 0 0 0 0 0 0 0 0 0 
2018-4-26 112 1 1 0 0 0 0 0 0 0 0 0 0 0 0 0 0 0 
2018-4-27 203 0 0 0 0 0 0 0 0 0 0 0 0 0 0 0 0 0 
2018-4-28 273 1 1 0 0 0 0 0 0 0 0 0 0 0 0 0 0 0 
2018-4-29 98 0 0 0 0 0 0 0 0 0 0 0 0 0 0 0 0 0 
2018-4-30 161 1 1 0 0 0 0 0 0 0 0 0 0 0 0 0 0 0 
2018-5-1 180 0 0 0 0 0 0 0 0 0 0 0 0 0 0 0 0 0 
2018-5-2 146 1 0 1 1 0 0 0 0 0 0 0 0 0 0 0 0 0 
2018-5-3 191 1 0 1 0 1 0 1 0 1 1 0 0 0 0 0 0 0 
2018-5-4 142 1 1 0 0 0 0 0 0 0 0 0 0 0 0 0 0 0 
2018-5-5 82 1 1 0 0 0 0 0 0 0 0 0 0 0 0 0 0 0 
2018-5-6 130 1 1 0 0 0 0 0 0 0 0 0 0 0 0 0 0 0 
2018-5-7 0 0 0 0 0 0 0 0 0 0 0 0 0 0 0 0 0 0 
2018-5-8 0 0 0 0 0 0 0 0 0 0 0 0 0 0 0 0 0 0 
