(set([]),_set(['br,'])) (set(['deflate']),_set(['br',_'deflate,'])) (set(['br',_'deflate,']),_set(['deflate'])) (set(['br,']),_set([])) (set(['gzip,deflate']),_set(['gzip,',_'br',_'deflate,'])) (set(['gzip,deflate,sdch']),_set(['gzip,',_'br',_'deflate,'])) (set(['gzip,',_'br',_'deflate,']),_set(['gzip,deflate'])) (set(['gzip,',_'br',_'deflate,']),_set(['gzip,deflate,sdch'])) (set(['gzip,deflate']),_set(['gzip,',_'deflate'])) (set(['gzip,',_'br',_'deflate,']),_set(['gzip'])) 
2017-11-21 0 0 0 0 0 0 0 0 0 0 0 0 0 0 0 0 0 0 0 0 
2017-11-22 0 1 1 0 0 0 0 0 0 0 0 0 0 0 0 0 0 0 0 0 
2017-11-23 3 9 5 4 0 4 3 1 0 1 1 0 0 0 0 0 0 0 0 0 
2017-11-24 5 3 2 1 0 1 0 1 1 0 0 0 0 0 0 0 0 0 0 0 
2017-11-25 6 6 5 1 0 1 1 0 0 0 0 0 0 0 0 0 0 0 0 0 
2017-11-26 7 4 3 1 0 1 1 0 0 0 0 0 0 0 0 0 0 0 0 0 
2017-11-27 16 7 5 2 2 0 0 0 0 0 0 0 0 0 0 0 0 0 0 0 
2017-11-28 14 8 5 3 2 1 1 0 0 0 0 0 0 0 0 0 0 0 0 0 
2017-11-29 9 6 5 1 1 0 0 0 0 0 0 0 0 0 0 0 0 0 0 0 
2017-11-30 10 6 3 3 2 1 1 0 0 0 0 0 0 0 0 0 0 0 0 0 
2017-12-1 15 4 3 1 0 1 1 0 0 0 0 0 0 0 0 0 0 0 0 0 
2017-12-2 15 10 8 2 2 0 0 0 0 0 0 0 0 0 0 0 0 0 0 0 
2017-12-3 22 11 9 2 0 2 2 0 0 0 0 0 0 0 0 0 0 0 0 0 
2017-12-4 12 10 6 4 4 0 0 0 0 0 0 0 0 0 0 0 0 0 0 0 
2017-12-5 25 20 12 8 1 7 4 3 1 2 1 1 1 0 0 0 0 0 0 0 
2017-12-6 15 14 10 4 2 2 1 1 1 0 0 0 0 0 0 0 0 0 0 0 
2017-12-7 20 6 2 4 2 2 1 1 0 1 0 1 0 1 0 1 0 1 0 1 
2017-12-8 24 23 11 12 8 4 1 3 2 1 1 0 0 0 0 0 0 0 0 0 
2017-12-9 19 15 9 6 4 2 1 1 0 1 0 1 1 0 0 0 0 0 0 0 
2017-12-10 12 14 10 4 2 2 1 1 0 1 0 1 0 1 1 0 0 0 0 0 
2017-12-11 25 16 10 6 4 2 1 1 0 1 0 1 0 1 1 0 0 0 0 0 
2017-12-12 15 8 7 1 0 1 0 1 0 1 0 1 0 1 1 0 0 0 0 0 
2017-12-13 14 10 7 3 1 2 1 1 0 1 0 1 0 1 1 0 0 0 0 0 
2017-12-14 11 11 4 7 3 4 0 4 2 2 0 2 1 1 0 1 0 1 1 0 
2017-12-15 6 4 4 0 0 0 0 0 0 0 0 0 0 0 0 0 0 0 0 0 
2017-12-16 17 18 9 9 3 6 2 4 1 3 1 2 1 1 1 0 0 0 0 0 
2017-12-17 12 12 6 6 1 5 0 5 1 4 3 1 1 0 0 0 0 0 0 0 
2017-12-18 14 17 11 6 2 4 0 4 0 4 1 3 1 2 2 0 0 0 0 0 
2017-12-19 18 19 10 9 4 5 1 4 1 3 1 2 2 0 0 0 0 0 0 0 
2017-12-20 51 21 13 8 1 7 1 6 1 5 0 5 3 2 2 0 0 0 0 0 
2017-12-21 23 26 19 7 2 5 3 2 1 1 1 0 0 0 0 0 0 0 0 0 
2017-12-22 49 24 14 10 4 6 2 4 1 3 1 2 1 1 0 1 1 0 0 0 
2017-12-23 22 10 7 3 1 2 1 1 0 1 0 1 1 0 0 0 0 0 0 0 
2017-12-24 12 4 2 2 2 0 0 0 0 0 0 0 0 0 0 0 0 0 0 0 
2017-12-25 21 13 6 7 2 5 2 3 1 2 1 1 0 1 1 0 0 0 0 0 
2017-12-26 44 28 24 4 2 2 0 2 0 2 0 2 1 1 1 0 0 0 0 0 
2017-12-27 19 16 11 5 2 3 0 3 1 2 1 1 0 1 1 0 0 0 0 0 
2017-12-28 52 26 15 11 4 7 4 3 1 2 1 1 1 0 0 0 0 0 0 0 
2017-12-29 32 31 20 11 7 4 0 4 1 3 2 1 0 1 1 0 0 0 0 0 
2017-12-30 15 11 7 4 2 2 1 1 0 1 0 1 1 0 0 0 0 0 0 0 
2017-12-31 31 4 2 2 2 0 0 0 0 0 0 0 0 0 0 0 0 0 0 0 
2018-1-1 0 0 0 0 0 0 0 0 0 0 0 0 0 0 0 0 0 0 0 0 
2018-1-2 0 0 0 0 0 0 0 0 0 0 0 0 0 0 0 0 0 0 0 0 
2018-1-3 0 0 0 0 0 0 0 0 0 0 0 0 0 0 0 0 0 0 0 0 
2018-1-4 0 0 0 0 0 0 0 0 0 0 0 0 0 0 0 0 0 0 0 0 
2018-1-5 0 0 0 0 0 0 0 0 0 0 0 0 0 0 0 0 0 0 0 0 
2018-1-6 20 13 8 5 2 3 1 2 1 1 0 1 1 0 0 0 0 0 0 0 
2018-1-7 20 15 10 5 3 2 0 2 0 2 0 2 0 2 1 1 0 1 1 0 
2018-1-8 25 12 5 7 5 2 1 1 0 1 1 0 0 0 0 0 0 0 0 0 
2018-1-9 42 30 26 4 2 2 0 2 0 2 0 2 1 1 0 1 0 1 1 0 
2018-1-10 60 23 13 10 5 5 1 4 1 3 1 2 1 1 1 0 0 0 0 0 
2018-1-11 52 26 15 11 5 6 3 3 1 2 2 0 0 0 0 0 0 0 0 0 
2018-1-12 50 37 26 11 6 5 1 4 3 1 0 1 0 1 1 0 0 0 0 0 
2018-1-13 56 34 16 18 9 9 3 6 2 4 1 3 1 2 2 0 0 0 0 0 
2018-1-14 50 25 18 7 3 4 1 3 2 1 0 1 1 0 0 0 0 0 0 0 
2018-1-15 33 13 5 8 4 4 1 3 1 2 1 1 0 1 1 0 0 0 0 0 
2018-1-16 52 22 10 12 9 3 1 2 0 2 1 1 0 1 0 1 1 0 0 0 
2018-1-17 55 23 17 6 3 3 0 3 2 1 0 1 1 0 0 0 0 0 0 0 
2018-1-18 40 23 16 7 1 6 3 3 1 2 0 2 1 1 1 0 0 0 0 0 
2018-1-19 43 24 16 8 4 4 1 3 0 3 2 1 1 0 0 0 0 0 0 0 
2018-1-20 62 33 23 10 4 6 1 5 3 2 1 1 1 0 0 0 0 0 0 0 
2018-1-21 51 24 19 5 3 2 2 0 0 0 0 0 0 0 0 0 0 0 0 0 
2018-1-22 28 20 10 10 8 2 0 2 0 2 1 1 1 0 0 0 0 0 0 0 
2018-1-23 46 25 18 7 4 3 1 2 1 1 0 1 0 1 0 1 1 0 0 0 
2018-1-24 21 13 11 2 2 0 0 0 0 0 0 0 0 0 0 0 0 0 0 0 
2018-1-25 29 24 16 8 6 2 1 1 0 1 1 0 0 0 0 0 0 0 0 0 
2018-1-26 40 38 32 6 2 4 0 4 2 2 0 2 0 2 0 2 1 1 1 0 
2018-1-27 50 28 18 10 4 6 1 5 4 1 0 1 0 1 1 0 0 0 0 0 
2018-1-28 34 13 8 5 4 1 0 1 1 0 0 0 0 0 0 0 0 0 0 0 
2018-1-29 16 27 17 10 7 3 2 1 0 1 0 1 0 1 0 1 1 0 0 0 
2018-1-30 37 20 12 8 2 6 1 5 0 5 2 3 1 2 1 1 1 0 0 0 
2018-1-31 47 26 20 6 3 3 1 2 2 0 0 0 0 0 0 0 0 0 0 0 
2018-2-1 36 9 5 4 1 3 0 3 1 2 1 1 0 1 0 1 1 0 0 0 
2018-2-2 26 15 11 4 1 3 3 0 0 0 0 0 0 0 0 0 0 0 0 0 
2018-2-3 44 20 13 7 6 1 1 0 0 0 0 0 0 0 0 0 0 0 0 0 
2018-2-4 41 22 17 5 4 1 0 1 0 1 0 1 1 0 0 0 0 0 0 0 
2018-2-5 18 16 11 5 3 2 0 2 0 2 2 0 0 0 0 0 0 0 0 0 
2018-2-6 19 11 6 5 2 3 1 2 0 2 1 1 0 1 1 0 0 0 0 0 
2018-2-7 8 15 14 1 1 0 0 0 0 0 0 0 0 0 0 0 0 0 0 0 
2018-2-8 21 16 11 5 2 3 1 2 0 2 2 0 0 0 0 0 0 0 0 0 
2018-2-9 19 12 6 6 4 2 2 0 0 0 0 0 0 0 0 0 0 0 0 0 
2018-2-10 28 13 9 4 2 2 1 1 0 1 0 1 0 1 0 1 1 0 0 0 
2018-2-11 25 18 13 5 3 2 1 1 0 1 1 0 0 0 0 0 0 0 0 0 
2018-2-12 9 5 3 2 1 1 1 0 0 0 0 0 0 0 0 0 0 0 0 0 
2018-2-13 25 12 8 4 4 0 0 0 0 0 0 0 0 0 0 0 0 0 0 0 
2018-2-14 17 11 6 5 1 4 3 1 0 1 0 1 0 1 1 0 0 0 0 0 
2018-2-15 17 13 10 3 1 2 0 2 0 2 1 1 1 0 0 0 0 0 0 0 
2018-2-16 10 12 8 4 4 0 0 0 0 0 0 0 0 0 0 0 0 0 0 0 
2018-2-17 22 9 4 5 2 3 2 1 0 1 1 0 0 0 0 0 0 0 0 0 
2018-2-18 17 3 1 2 2 0 0 0 0 0 0 0 0 0 0 0 0 0 0 0 
2018-2-19 13 6 5 1 0 1 0 1 0 1 0 1 0 1 0 1 1 0 0 0 
2018-2-20 15 10 8 2 2 0 0 0 0 0 0 0 0 0 0 0 0 0 0 0 
2018-2-21 46 30 22 8 3 5 0 5 1 4 4 0 0 0 0 0 0 0 0 0 
2018-2-22 35 18 14 4 3 1 1 0 0 0 0 0 0 0 0 0 0 0 0 0 
2018-2-23 53 24 16 8 4 4 1 3 1 2 2 0 0 0 0 0 0 0 0 0 
2018-2-24 30 23 12 11 6 5 2 3 2 1 1 0 0 0 0 0 0 0 0 0 
2018-2-25 45 14 10 4 3 1 0 1 1 0 0 0 0 0 0 0 0 0 0 0 
2018-2-26 37 13 8 5 3 2 1 1 1 0 0 0 0 0 0 0 0 0 0 0 
2018-2-27 32 17 12 5 4 1 1 0 0 0 0 0 0 0 0 0 0 0 0 0 
2018-2-28 41 20 16 4 3 1 0 1 0 1 1 0 0 0 0 0 0 0 0 0 
2018-3-1 45 21 17 4 3 1 0 1 0 1 1 0 0 0 0 0 0 0 0 0 
2018-3-2 28 10 8 2 0 2 0 2 1 1 0 1 0 1 0 1 0 1 0 1 
2018-3-3 32 16 13 3 2 1 1 0 0 0 0 0 0 0 0 0 0 0 0 0 
2018-3-4 51 14 10 4 2 2 1 1 0 1 1 0 0 0 0 0 0 0 0 0 
2018-3-5 27 19 15 4 4 0 0 0 0 0 0 0 0 0 0 0 0 0 0 0 
2018-3-6 19 14 13 1 0 1 1 0 0 0 0 0 0 0 0 0 0 0 0 0 
2018-3-7 26 9 8 1 1 0 0 0 0 0 0 0 0 0 0 0 0 0 0 0 
2018-3-8 24 14 8 6 4 2 0 2 1 1 1 0 0 0 0 0 0 0 0 0 
2018-3-9 28 12 10 2 2 0 0 0 0 0 0 0 0 0 0 0 0 0 0 0 
2018-3-10 25 11 7 4 2 2 1 1 0 1 1 0 0 0 0 0 0 0 0 0 
2018-3-11 29 18 13 5 2 3 1 2 2 0 0 0 0 0 0 0 0 0 0 0 
2018-3-12 30 9 7 2 1 1 0 1 0 1 1 0 0 0 0 0 0 0 0 0 
2018-3-13 15 10 6 4 2 2 1 1 0 1 0 1 0 1 0 1 0 1 0 1 
2018-3-14 22 9 5 4 1 3 1 2 1 1 1 0 0 0 0 0 0 0 0 0 
2018-3-15 21 18 12 6 4 2 1 1 1 0 0 0 0 0 0 0 0 0 0 0 
2018-3-16 25 13 8 5 3 2 0 2 0 2 2 0 0 0 0 0 0 0 0 0 
2018-3-17 41 21 16 5 3 2 2 0 0 0 0 0 0 0 0 0 0 0 0 0 
2018-3-18 26 16 13 3 2 1 0 1 0 1 0 1 0 1 0 1 1 0 0 0 
2018-3-19 16 16 12 4 1 3 1 2 2 0 0 0 0 0 0 0 0 0 0 0 
2018-3-20 23 8 5 3 2 1 1 0 0 0 0 0 0 0 0 0 0 0 0 0 
2018-3-21 18 7 5 2 0 2 0 2 0 2 1 1 0 1 0 1 1 0 0 0 
2018-3-22 22 16 9 7 3 4 3 1 0 1 1 0 0 0 0 0 0 0 0 0 
2018-3-23 28 8 7 1 1 0 0 0 0 0 0 0 0 0 0 0 0 0 0 0 
2018-3-24 22 17 12 5 1 4 1 3 1 2 1 1 0 1 0 1 0 1 1 0 
2018-3-25 37 13 10 3 2 1 1 0 0 0 0 0 0 0 0 0 0 0 0 0 
2018-3-26 15 12 10 2 2 0 0 0 0 0 0 0 0 0 0 0 0 0 0 0 
2018-3-27 21 11 6 5 3 2 1 1 0 1 0 1 0 1 0 1 0 1 0 1 
2018-3-28 22 9 7 2 1 1 1 0 0 0 0 0 0 0 0 0 0 0 0 0 
2018-3-29 25 15 7 8 4 4 1 3 2 1 1 0 0 0 0 0 0 0 0 0 
2018-3-30 21 10 5 5 1 4 2 2 0 2 2 0 0 0 0 0 0 0 0 0 
2018-3-31 24 9 6 3 3 0 0 0 0 0 0 0 0 0 0 0 0 0 0 0 
2018-4-1 18 7 5 2 1 1 0 1 1 0 0 0 0 0 0 0 0 0 0 0 
2018-4-2 14 8 5 3 1 2 1 1 1 0 0 0 0 0 0 0 0 0 0 0 
2018-4-3 12 9 5 4 2 2 0 2 0 2 1 1 0 1 0 1 0 1 1 0 
2018-4-4 23 15 8 7 7 0 0 0 0 0 0 0 0 0 0 0 0 0 0 0 
2018-4-5 20 21 12 9 4 5 2 3 1 2 1 1 0 1 0 1 0 1 0 1 
2018-4-6 35 18 13 5 4 1 0 1 1 0 0 0 0 0 0 0 0 0 0 0 
2018-4-7 18 12 5 7 5 2 1 1 0 1 0 1 0 1 0 1 0 1 1 0 
2018-4-8 16 6 5 1 1 0 0 0 0 0 0 0 0 0 0 0 0 0 0 0 
2018-4-9 4 5 4 1 0 1 0 1 1 0 0 0 0 0 0 0 0 0 0 0 
2018-4-10 9 3 2 1 0 1 0 1 0 1 1 0 0 0 0 0 0 0 0 0 
2018-4-11 10 5 3 2 2 0 0 0 0 0 0 0 0 0 0 0 0 0 0 0 
2018-4-12 15 7 4 3 0 3 1 2 1 1 1 0 0 0 0 0 0 0 0 0 
2018-4-13 9 2 2 0 0 0 0 0 0 0 0 0 0 0 0 0 0 0 0 0 
2018-4-14 15 7 4 3 2 1 0 1 0 1 1 0 0 0 0 0 0 0 0 0 
2018-4-15 11 8 6 2 1 1 0 1 0 1 1 0 0 0 0 0 0 0 0 0 
2018-4-16 39 20 12 8 5 3 1 2 1 1 1 0 0 0 0 0 0 0 0 0 
2018-4-17 34 13 10 3 1 2 0 2 1 1 0 1 0 1 0 1 1 0 0 0 
2018-4-18 50 24 14 10 7 3 1 2 2 0 0 0 0 0 0 0 0 0 0 0 
2018-4-19 59 21 16 5 1 4 1 3 3 0 0 0 0 0 0 0 0 0 0 0 
2018-4-20 44 24 18 6 5 1 1 0 0 0 0 0 0 0 0 0 0 0 0 0 
2018-4-21 41 18 13 5 4 1 0 1 1 0 0 0 0 0 0 0 0 0 0 0 
2018-4-22 32 17 12 5 3 2 0 2 0 2 0 2 1 1 0 1 1 0 0 0 
2018-4-23 47 13 12 1 0 1 0 1 1 0 0 0 0 0 0 0 0 0 0 0 
2018-4-24 25 10 10 0 0 0 0 0 0 0 0 0 0 0 0 0 0 0 0 0 
2018-4-25 15 8 7 1 0 1 1 0 0 0 0 0 0 0 0 0 0 0 0 0 
2018-4-26 11 8 8 0 0 0 0 0 0 0 0 0 0 0 0 0 0 0 0 0 
2018-4-27 31 14 10 4 4 0 0 0 0 0 0 0 0 0 0 0 0 0 0 0 
2018-4-28 44 21 15 6 4 2 0 2 2 0 0 0 0 0 0 0 0 0 0 0 
2018-4-29 19 2 2 0 0 0 0 0 0 0 0 0 0 0 0 0 0 0 0 0 
2018-4-30 28 5 4 1 0 1 0 1 0 1 0 1 0 1 0 1 0 1 0 1 
2018-5-1 23 15 11 4 2 2 1 1 1 0 0 0 0 0 0 0 0 0 0 0 
2018-5-2 23 14 10 4 1 3 1 2 0 2 2 0 0 0 0 0 0 0 0 0 
2018-5-3 29 11 10 1 0 1 1 0 0 0 0 0 0 0 0 0 0 0 0 0 
2018-5-4 22 12 8 4 2 2 0 2 2 0 0 0 0 0 0 0 0 0 0 0 
2018-5-5 17 13 8 5 3 2 1 1 0 1 1 0 0 0 0 0 0 0 0 0 
2018-5-6 28 13 8 5 1 4 1 3 1 2 1 1 0 1 0 1 1 0 0 0 
2018-5-7 24 14 9 5 3 2 1 1 0 1 1 0 0 0 0 0 0 0 0 0 
2018-5-8 22 11 6 5 3 2 2 0 0 0 0 0 0 0 0 0 0 0 0 0 
2018-5-9 17 5 3 2 1 1 0 1 1 0 0 0 0 0 0 0 0 0 0 0 
2018-5-10 34 16 11 5 2 3 2 1 1 0 0 0 0 0 0 0 0 0 0 0 
2018-5-11 31 5 4 1 0 1 0 1 0 1 0 1 1 0 0 0 0 0 0 0 
2018-5-12 24 11 10 1 0 1 1 0 0 0 0 0 0 0 0 0 0 0 0 0 
2018-5-13 27 6 4 2 1 1 0 1 1 0 0 0 0 0 0 0 0 0 0 0 
2018-5-14 37 14 13 1 1 0 0 0 0 0 0 0 0 0 0 0 0 0 0 0 
2018-5-15 27 12 8 4 0 4 2 2 2 0 0 0 0 0 0 0 0 0 0 0 
2018-5-16 24 16 11 5 3 2 1 1 0 1 1 0 0 0 0 0 0 0 0 0 
2018-5-17 27 9 7 2 2 0 0 0 0 0 0 0 0 0 0 0 0 0 0 0 
2018-5-18 43 14 11 3 0 3 1 2 1 1 1 0 0 0 0 0 0 0 0 0 
2018-5-19 36 11 11 0 0 0 0 0 0 0 0 0 0 0 0 0 0 0 0 0 
2018-5-20 32 8 5 3 2 1 0 1 1 0 0 0 0 0 0 0 0 0 0 0 
2018-5-21 31 14 9 5 2 3 1 2 1 1 1 0 0 0 0 0 0 0 0 0 
2018-5-22 18 16 13 3 2 1 1 0 0 0 0 0 0 0 0 0 0 0 0 0 
2018-5-23 7 6 2 4 1 3 3 0 0 0 0 0 0 0 0 0 0 0 0 0 
2018-5-24 18 9 5 4 1 3 2 1 0 1 1 0 0 0 0 0 0 0 0 0 
2018-5-25 17 9 7 2 1 1 0 1 1 0 0 0 0 0 0 0 0 0 0 0 
2018-5-26 21 3 1 2 1 1 1 0 0 0 0 0 0 0 0 0 0 0 0 0 
2018-5-27 13 9 4 5 4 1 0 1 0 1 1 0 0 0 0 0 0 0 0 0 
2018-5-28 12 4 4 0 0 0 0 0 0 0 0 0 0 0 0 0 0 0 0 0 
2018-5-29 13 8 7 1 1 0 0 0 0 0 0 0 0 0 0 0 0 0 0 0 
2018-5-30 16 6 4 2 0 2 1 1 0 1 1 0 0 0 0 0 0 0 0 0 
2018-5-31 20 6 3 3 2 1 0 1 1 0 0 0 0 0 0 0 0 0 0 0 
2018-6-1 33 5 2 3 2 1 0 1 1 0 0 0 0 0 0 0 0 0 0 0 
2018-6-2 24 4 3 1 0 1 1 0 0 0 0 0 0 0 0 0 0 0 0 0 
2018-6-3 20 7 6 1 0 1 0 1 1 0 0 0 0 0 0 0 0 0 0 0 
2018-6-4 27 10 6 4 1 3 1 2 1 1 1 0 0 0 0 0 0 0 0 0 
2018-6-5 30 12 9 3 2 1 0 1 1 0 0 0 0 0 0 0 0 0 0 0 
2018-6-6 34 10 5 5 4 1 0 1 1 0 0 0 0 0 0 0 0 0 0 0 
2018-6-7 27 11 9 2 2 0 0 0 0 0 0 0 0 0 0 0 0 0 0 0 
2018-6-8 24 14 9 5 2 3 2 1 0 1 1 0 0 0 0 0 0 0 0 0 
2018-6-9 12 16 8 8 4 4 2 2 2 0 0 0 0 0 0 0 0 0 0 0 
2018-6-10 17 7 4 3 2 1 0 1 1 0 0 0 0 0 0 0 0 0 0 0 
2018-6-11 13 6 4 2 1 1 0 1 0 1 1 0 0 0 0 0 0 0 0 0 
2018-6-12 21 19 9 10 8 2 0 2 1 1 1 0 0 0 0 0 0 0 0 0 
2018-6-13 28 12 8 4 3 1 0 1 0 1 0 1 1 0 0 0 0 0 0 0 
2018-6-14 21 6 4 2 1 1 0 1 0 1 0 1 0 1 0 1 1 0 0 0 
2018-6-15 18 6 3 3 1 2 1 1 0 1 0 1 0 1 0 1 0 1 1 0 
2018-6-16 19 8 4 4 3 1 1 0 0 0 0 0 0 0 0 0 0 0 0 0 
2018-6-17 27 8 4 4 3 1 1 0 0 0 0 0 0 0 0 0 0 0 0 0 
2018-6-18 16 11 9 2 2 0 0 0 0 0 0 0 0 0 0 0 0 0 0 0 
2018-6-19 27 11 3 8 5 3 3 0 0 0 0 0 0 0 0 0 0 0 0 0 
2018-6-20 18 6 3 3 2 1 1 0 0 0 0 0 0 0 0 0 0 0 0 0 
2018-6-21 20 1 1 0 0 0 0 0 0 0 0 0 0 0 0 0 0 0 0 0 
2018-6-22 24 13 8 5 3 2 1 1 1 0 0 0 0 0 0 0 0 0 0 0 
2018-6-23 16 5 3 2 2 0 0 0 0 0 0 0 0 0 0 0 0 0 0 0 
2018-6-24 18 10 7 3 2 1 0 1 0 1 1 0 0 0 0 0 0 0 0 0 
2018-6-25 32 13 11 2 2 0 0 0 0 0 0 0 0 0 0 0 0 0 0 0 
2018-6-26 30 8 7 1 0 1 0 1 0 1 0 1 1 0 0 0 0 0 0 0 
2018-6-27 9 7 3 4 2 2 1 1 0 1 0 1 0 1 0 1 1 0 0 0 
2018-6-28 9 4 4 0 0 0 0 0 0 0 0 0 0 0 0 0 0 0 0 0 
2018-6-29 14 9 5 4 4 0 0 0 0 0 0 0 0 0 0 0 0 0 0 0 
2018-6-30 20 9 3 6 1 5 3 2 2 0 0 0 0 0 0 0 0 0 0 0 
2018-7-1 20 10 7 3 2 1 0 1 1 0 0 0 0 0 0 0 0 0 0 0 
2018-7-2 17 5 4 1 0 1 1 0 0 0 0 0 0 0 0 0 0 0 0 0 
2018-7-3 12 8 5 3 1 2 2 0 0 0 0 0 0 0 0 0 0 0 0 0 
2018-7-4 16 11 6 5 2 3 3 0 0 0 0 0 0 0 0 0 0 0 0 0 
2018-7-5 31 17 11 6 6 0 0 0 0 0 0 0 0 0 0 0 0 0 0 0 
2018-7-6 28 12 9 3 3 0 0 0 0 0 0 0 0 0 0 0 0 0 0 0 
2018-7-7 11 8 5 3 3 0 0 0 0 0 0 0 0 0 0 0 0 0 0 0 
2018-7-8 15 9 7 2 1 1 1 0 0 0 0 0 0 0 0 0 0 0 0 0 
2018-7-9 15 6 3 3 3 0 0 0 0 0 0 0 0 0 0 0 0 0 0 0 
2018-7-10 24 16 7 9 5 4 2 2 2 0 0 0 0 0 0 0 0 0 0 0 
2018-7-11 27 6 3 3 2 1 0 1 0 1 1 0 0 0 0 0 0 0 0 0 
2018-7-12 2 0 0 0 0 0 0 0 0 0 0 0 0 0 0 0 0 0 0 0 
2018-7-13 0 0 0 0 0 0 0 0 0 0 0 0 0 0 0 0 0 0 0 0 
2018-7-14 0 1 0 1 1 0 0 0 0 0 0 0 0 0 0 0 0 0 0 0 
2018-7-15 0 2 1 1 1 0 0 0 0 0 0 0 0 0 0 0 0 0 0 0 
2018-7-16 0 0 0 0 0 0 0 0 0 0 0 0 0 0 0 0 0 0 0 0 
2018-7-17 0 1 0 1 1 0 0 0 0 0 0 0 0 0 0 0 0 0 0 0 
2018-7-18 0 0 0 0 0 0 0 0 0 0 0 0 0 0 0 0 0 0 0 0 
2018-7-19 0 2 0 2 2 0 0 0 0 0 0 0 0 0 0 0 0 0 0 0 
2018-7-20 0 0 0 0 0 0 0 0 0 0 0 0 0 0 0 0 0 0 0 0 
2018-7-21 0 0 0 0 0 0 0 0 0 0 0 0 0 0 0 0 0 0 0 0 
2018-7-22 0 0 0 0 0 0 0 0 0 0 0 0 0 0 0 0 0 0 0 0 
2018-7-23 0 1 0 1 1 0 0 0 0 0 0 0 0 0 0 0 0 0 0 0 
2018-7-24 0 1 1 0 0 0 0 0 0 0 0 0 0 0 0 0 0 0 0 0 
2018-7-25 0 1 1 0 0 0 0 0 0 0 0 0 0 0 0 0 0 0 0 0 
2018-7-26 0 1 0 1 1 0 0 0 0 0 0 0 0 0 0 0 0 0 0 0 
2018-7-27 0 0 0 0 0 0 0 0 0 0 0 0 0 0 0 0 0 0 0 0 
2018-7-28 0 0 0 0 0 0 0 0 0 0 0 0 0 0 0 0 0 0 0 0 
