(set(['0_fa5f57760d291c1b65250cc29c38f7684ec1783a']),_set(['0_319dff5871b15929f751f2ea422cff664da895af'])) (set(['0_319dff5871b15929f751f2ea422cff664da895af']),_set(['0_fa5f57760d291c1b65250cc29c38f7684ec1783a'])) (set(['0_c0b4232b0b08b4155b41f19f19c0122f8511ebb0']),_set(['0_4cee5842d93e956ebf0d697b010d8a60cd08c7fe'])) (set(['0_ac77440ae797eee9bc47c83574d976ff72baa16b']),_set(['0_480bba8ec15658093d320b330762358ba7cb637c'])) (set(['0_a97b8b49c21493dd7a4871de06bd03ebee828e3b']),_set(['0_489af4e965aedc975e75585ca1388aa2b1444ceb'])) (set(['0_86b5e5be61080418bd669aca90fc7b7b8d87f0d8']),_set(['0_2f24767e24138078c80e75f7befc03f0643d54c9'])) (set(['0_5a3251c974908a0dfc99a8e9488ed576de80c0c0']),_set(['0_c4e6662d55d86c3663fde46d353399038bdb2878'])) (set(['0_5965ec92e15da24caf501f8127bf30fa26040412']),_set(['0_abd3aae4062b8d5219d3ef55388b53fa6b6434f1'])) (set(['0_629388aa7c3662410da0fa87ceffc5de4a78683c']),_set(['0_0a48cad3b58780f2e6e48149ddeb078b0162f201'])) (set(['0_c3b8ee2bb198fa88cebc5b85cc4b8ed5aa383693']),_set(['0_1033d38cf20e258c17dc67cbd96a022410d7956e'])) 
2018-2-20 0 1 1 0 0 0 0 0 0 0 0 0 0 0 0 0 0 0 0 0 
2018-2-21 1 1 1 0 0 0 0 0 0 0 0 0 0 0 0 0 0 0 0 0 
2018-2-22 2 2 2 0 0 0 0 0 0 0 0 0 0 0 0 0 0 0 0 0 
2018-2-23 2 1 1 0 0 0 0 0 0 0 0 0 0 0 0 0 0 0 0 0 
2018-2-24 1 3 3 0 0 0 0 0 0 0 0 0 0 0 0 0 0 0 0 0 
2018-2-25 0 1 1 0 0 0 0 0 0 0 0 0 0 0 0 0 0 0 0 0 
2018-2-26 0 4 4 0 0 0 0 0 0 0 0 0 0 0 0 0 0 0 0 0 
2018-2-27 2 3 3 0 0 0 0 0 0 0 0 0 0 0 0 0 0 0 0 0 
2018-2-28 0 0 0 0 0 0 0 0 0 0 0 0 0 0 0 0 0 0 0 0 
2018-3-1 2 3 3 0 0 0 0 0 0 0 0 0 0 0 0 0 0 0 0 0 
2018-3-2 1 2 2 0 0 0 0 0 0 0 0 0 0 0 0 0 0 0 0 0 
2018-3-3 1 0 0 0 0 0 0 0 0 0 0 0 0 0 0 0 0 0 0 0 
2018-3-4 3 1 1 0 0 0 0 0 0 0 0 0 0 0 0 0 0 0 0 0 
2018-3-5 0 2 2 0 0 0 0 0 0 0 0 0 0 0 0 0 0 0 0 0 
2018-3-6 3 1 1 0 0 0 0 0 0 0 0 0 0 0 0 0 0 0 0 0 
2018-3-7 0 2 2 0 0 0 0 0 0 0 0 0 0 0 0 0 0 0 0 0 
2018-3-8 1 0 0 0 0 0 0 0 0 0 0 0 0 0 0 0 0 0 0 0 
2018-3-9 3 1 1 0 0 0 0 0 0 0 0 0 0 0 0 0 0 0 0 0 
2018-3-10 0 1 1 0 0 0 0 0 0 0 0 0 0 0 0 0 0 0 0 0 
2018-3-11 1 2 1 1 0 1 0 1 0 1 0 1 0 1 0 1 0 1 1 0 
2018-3-12 0 2 0 2 0 2 2 0 0 0 0 0 0 0 0 0 0 0 0 0 
2018-3-13 1 0 0 0 0 0 0 0 0 0 0 0 0 0 0 0 0 0 0 0 
2018-3-14 2 1 1 0 0 0 0 0 0 0 0 0 0 0 0 0 0 0 0 0 
2018-3-15 0 4 1 3 0 3 0 3 2 1 0 1 0 1 0 1 0 1 0 1 
2018-3-16 0 5 0 5 0 5 4 1 1 0 0 0 0 0 0 0 0 0 0 0 
2018-3-17 2 16 3 13 0 13 5 8 7 1 0 1 0 1 0 1 0 1 0 1 
2018-3-18 0 8 3 5 0 5 2 3 2 1 0 1 0 1 0 1 0 1 0 1 
2018-3-19 0 9 0 9 0 9 5 4 3 1 0 1 0 1 0 1 0 1 0 1 
2018-3-20 0 13 3 10 0 10 5 5 5 0 0 0 0 0 0 0 0 0 0 0 
2018-3-21 0 7 1 6 0 6 4 2 2 0 0 0 0 0 0 0 0 0 0 0 
2018-3-22 2 10 1 9 0 9 3 6 4 2 0 2 0 2 0 2 0 2 0 2 
2018-3-23 1 14 0 14 0 14 10 4 2 2 0 2 0 2 0 2 0 2 0 2 
2018-3-24 3 5 4 1 0 1 0 1 0 1 0 1 0 1 0 1 0 1 0 1 
2018-3-25 3 11 3 8 0 8 3 5 2 3 0 3 0 3 0 3 0 3 1 2 
2018-3-26 0 12 2 10 0 10 7 3 3 0 0 0 0 0 0 0 0 0 0 0 
2018-3-27 3 8 2 6 0 6 2 4 3 1 0 1 0 1 0 1 0 1 0 1 
2018-3-28 1 5 1 4 0 4 3 1 1 0 0 0 0 0 0 0 0 0 0 0 
2018-3-29 0 6 1 5 0 5 3 2 1 1 0 1 0 1 0 1 0 1 0 1 
2018-3-30 2 5 1 4 0 4 2 2 1 1 0 1 0 1 0 1 0 1 0 1 
2018-3-31 2 6 1 5 0 5 1 4 3 1 0 1 0 1 0 1 1 0 0 0 
2018-4-1 1 5 1 4 0 4 4 0 0 0 0 0 0 0 0 0 0 0 0 0 
2018-4-2 0 7 3 4 0 4 2 2 1 1 0 1 0 1 0 1 1 0 0 0 
2018-4-3 0 7 1 6 0 6 3 3 2 1 0 1 0 1 0 1 1 0 0 0 
2018-4-4 0 10 1 9 0 9 6 3 0 3 0 3 0 3 0 3 1 2 1 1 
2018-4-5 1 4 1 3 0 3 1 2 1 1 0 1 0 1 0 1 1 0 0 0 
2018-4-6 3 6 4 2 0 2 0 2 0 2 0 2 0 2 0 2 1 1 0 1 
2018-4-7 0 7 3 4 0 4 0 4 1 3 0 3 0 3 0 3 3 0 0 0 
2018-4-8 3 2 1 1 0 1 1 0 0 0 0 0 0 0 0 0 0 0 0 0 
2018-4-9 1 0 0 0 0 0 0 0 0 0 0 0 0 0 0 0 0 0 0 0 
2018-4-10 0 1 0 1 0 1 0 1 0 1 0 1 0 1 0 1 0 1 0 1 
2018-4-11 1 0 0 0 0 0 0 0 0 0 0 0 0 0 0 0 0 0 0 0 
2018-4-12 1 1 0 1 0 1 0 1 1 0 0 0 0 0 0 0 0 0 0 0 
2018-4-13 0 4 0 4 0 4 1 3 2 1 0 1 0 1 0 1 0 1 1 0 
2018-4-14 0 3 0 3 0 3 0 3 0 3 0 3 0 3 0 3 1 2 1 1 
2018-4-15 1 0 0 0 0 0 0 0 0 0 0 0 0 0 0 0 0 0 0 0 
2018-4-16 3 8 4 4 0 4 1 3 2 1 0 1 0 1 0 1 1 0 0 0 
2018-4-17 2 8 2 6 0 6 0 6 4 2 0 2 0 2 0 2 1 1 0 1 
2018-4-18 2 4 1 3 0 3 1 2 1 1 0 1 0 1 0 1 0 1 0 1 
2018-4-19 0 2 1 1 0 1 0 1 1 0 0 0 0 0 0 0 0 0 0 0 
2018-4-20 0 3 2 1 0 1 0 1 1 0 0 0 0 0 0 0 0 0 0 0 
2018-4-21 2 4 2 2 0 2 0 2 1 1 0 1 0 1 0 1 0 1 1 0 
2018-4-22 2 2 2 0 0 0 0 0 0 0 0 0 0 0 0 0 0 0 0 0 
2018-4-23 3 5 2 3 0 3 0 3 3 0 0 0 0 0 0 0 0 0 0 0 
2018-4-24 2 3 1 2 0 2 0 2 1 1 0 1 0 1 0 1 1 0 0 0 
2018-4-25 1 0 0 0 0 0 0 0 0 0 0 0 0 0 0 0 0 0 0 0 
2018-4-26 1 2 2 0 0 0 0 0 0 0 0 0 0 0 0 0 0 0 0 0 
2018-4-27 2 4 0 4 0 4 0 4 3 1 0 1 0 1 0 1 1 0 0 0 
2018-4-28 0 4 1 3 0 3 0 3 3 0 0 0 0 0 0 0 0 0 0 0 
2018-4-29 1 1 1 0 0 0 0 0 0 0 0 0 0 0 0 0 0 0 0 0 
2018-4-30 1 6 1 5 0 5 1 4 1 3 0 3 0 3 0 3 1 2 0 2 
2018-5-1 3 3 2 1 0 1 0 1 1 0 0 0 0 0 0 0 0 0 0 0 
2018-5-2 2 4 3 1 0 1 0 1 0 1 0 1 0 1 0 1 1 0 0 0 
2018-5-3 4 4 3 1 0 1 0 1 1 0 0 0 0 0 0 0 0 0 0 0 
2018-5-4 0 4 1 3 0 3 2 1 0 1 0 1 0 1 0 1 0 1 0 1 
2018-5-5 2 3 1 2 0 2 0 2 1 1 0 1 0 1 0 1 0 1 1 0 
2018-5-6 0 0 0 0 0 0 0 0 0 0 0 0 0 0 0 0 0 0 0 0 
2018-5-7 0 3 1 2 0 2 1 1 1 0 0 0 0 0 0 0 0 0 0 0 
2018-5-8 2 9 6 3 0 3 2 1 0 1 0 1 0 1 0 1 0 1 1 0 
2018-5-9 1 5 0 5 0 5 1 4 2 2 0 2 0 2 0 2 2 0 0 0 
2018-5-10 0 6 2 4 0 4 1 3 0 3 0 3 0 3 0 3 2 1 1 0 
2018-5-11 0 3 0 3 2 1 0 1 1 0 0 0 0 0 0 0 0 0 0 0 
2018-5-12 1 7 1 6 3 3 1 2 1 1 0 1 0 1 0 1 1 0 0 0 
2018-5-13 1 7 3 4 2 2 0 2 1 1 0 1 0 1 0 1 1 0 0 0 
2018-5-14 0 8 0 8 5 3 0 3 1 2 0 2 0 2 0 2 1 1 1 0 
2018-5-15 1 4 2 2 0 2 0 2 0 2 0 2 0 2 0 2 2 0 0 0 
2018-5-16 2 6 1 5 4 1 1 0 0 0 0 0 0 0 0 0 0 0 0 0 
2018-5-17 2 2 2 0 0 0 0 0 0 0 0 0 0 0 0 0 0 0 0 0 
2018-5-18 1 3 0 3 2 1 0 1 1 0 0 0 0 0 0 0 0 0 0 0 
2018-5-19 4 9 2 7 6 1 1 0 0 0 0 0 0 0 0 0 0 0 0 0 
2018-5-20 3 8 2 6 5 1 1 0 0 0 0 0 0 0 0 0 0 0 0 0 
2018-5-21 3 8 2 6 3 3 1 2 1 1 0 1 0 1 0 1 0 1 0 1 
2018-5-22 1 9 2 7 4 3 0 3 1 2 0 2 0 2 0 2 2 0 0 0 
2018-5-23 1 6 0 6 6 0 0 0 0 0 0 0 0 0 0 0 0 0 0 0 
2018-5-24 1 6 0 6 4 2 0 2 1 1 0 1 0 1 0 1 1 0 0 0 
2018-5-25 0 3 0 3 1 2 0 2 0 2 0 2 0 2 0 2 1 1 1 0 
2018-5-26 3 6 2 4 3 1 0 1 0 1 0 1 0 1 0 1 1 0 0 0 
2018-5-27 1 5 1 4 3 1 0 1 1 0 0 0 0 0 0 0 0 0 0 0 
2018-5-28 2 6 0 6 4 2 0 2 2 0 0 0 0 0 0 0 0 0 0 0 
2018-5-29 2 10 1 9 6 3 0 3 0 3 0 3 0 3 0 3 1 2 1 1 
2018-5-30 1 2 1 1 1 0 0 0 0 0 0 0 0 0 0 0 0 0 0 0 
2018-5-31 0 4 1 3 3 0 0 0 0 0 0 0 0 0 0 0 0 0 0 0 
2018-6-1 0 8 1 7 3 4 0 4 0 4 0 4 1 3 0 3 0 3 2 1 
2018-6-2 4 7 1 6 6 0 0 0 0 0 0 0 0 0 0 0 0 0 0 0 
2018-6-3 2 4 0 4 1 3 1 2 0 2 1 1 1 0 0 0 0 0 0 0 
2018-6-4 2 6 3 3 1 2 0 2 1 1 0 1 0 1 0 1 1 0 0 0 
2018-6-5 2 15 2 13 8 5 0 5 0 5 1 4 1 3 0 3 1 2 2 0 
2018-6-6 0 12 2 10 3 7 0 7 0 7 2 5 4 1 1 0 0 0 0 0 
2018-6-7 3 4 0 4 0 4 0 4 0 4 0 4 2 2 1 1 0 1 1 0 
2018-6-8 0 13 4 9 2 7 0 7 0 7 3 4 1 3 2 1 1 0 0 0 
2018-6-9 0 7 2 5 2 3 0 3 0 3 2 1 1 0 0 0 0 0 0 0 
2018-6-10 0 2 1 1 1 0 0 0 0 0 0 0 0 0 0 0 0 0 0 0 
2018-6-11 0 9 2 7 0 7 2 5 0 5 0 5 4 1 1 0 0 0 0 0 
2018-6-12 2 9 0 9 5 4 0 4 0 4 2 2 1 1 1 0 0 0 0 0 
2018-6-13 4 11 1 10 1 9 0 9 0 9 3 6 3 3 1 2 1 1 1 0 
2018-6-14 0 10 0 10 3 7 0 7 0 7 3 4 2 2 0 2 1 1 1 0 
2018-6-15 0 13 0 13 4 9 1 8 0 8 5 3 1 2 2 0 0 0 0 0 
2018-6-16 2 15 0 15 3 12 0 12 0 12 5 7 4 3 3 0 0 0 0 0 
2018-6-17 3 16 0 16 5 11 1 10 0 10 4 6 2 4 4 0 0 0 0 0 
2018-6-18 1 7 0 7 2 5 0 5 2 3 0 3 0 3 2 1 1 0 0 0 
2018-6-19 3 14 0 14 2 12 1 11 0 11 4 7 0 7 3 4 1 3 2 1 
2018-6-20 1 5 0 5 1 4 0 4 0 4 2 2 2 0 0 0 0 0 0 0 
2018-6-21 1 10 1 9 1 8 0 8 0 8 3 5 3 2 0 2 0 2 2 0 
2018-6-22 1 8 2 6 2 4 0 4 0 4 3 1 1 0 0 0 0 0 0 0 
2018-6-23 0 13 1 12 5 7 0 7 0 7 3 4 2 2 1 1 0 1 1 0 
2018-6-24 2 11 0 11 2 9 0 9 0 9 3 6 3 3 1 2 1 1 1 0 
2018-6-25 2 12 1 11 4 7 0 7 0 7 3 4 1 3 0 3 1 2 2 0 
2018-6-26 0 10 1 9 0 9 0 9 0 9 5 4 1 3 3 0 0 0 0 0 
2018-6-27 3 9 4 5 1 4 0 4 1 3 3 0 0 0 0 0 0 0 0 0 
2018-6-28 0 10 0 10 4 6 0 6 0 6 0 6 2 4 3 1 0 1 1 0 
2018-6-29 0 6 1 5 2 3 1 2 0 2 1 1 0 1 1 0 0 0 0 0 
2018-6-30 1 11 0 11 3 8 0 8 0 8 2 6 1 5 2 3 1 2 2 0 
2018-7-1 3 14 3 11 2 9 0 9 0 9 5 4 2 2 2 0 0 0 0 0 
2018-7-2 1 3 1 2 0 2 0 2 1 1 0 1 1 0 0 0 0 0 0 0 
2018-7-3 2 6 0 6 1 5 0 5 0 5 1 4 0 4 4 0 0 0 0 0 
2018-7-4 1 11 0 11 4 7 0 7 1 6 2 4 0 4 1 3 0 3 2 1 
2018-7-5 1 14 1 13 7 6 1 5 0 5 3 2 1 1 0 1 0 1 1 0 
2018-7-6 3 7 0 7 1 6 0 6 0 6 2 4 2 2 2 0 0 0 0 0 
2018-7-7 1 5 2 3 2 1 0 1 0 1 1 0 0 0 0 0 0 0 0 0 
2018-7-8 0 10 2 8 0 8 0 8 0 8 1 7 4 3 1 2 0 2 2 0 
2018-7-9 2 7 1 6 3 3 0 3 0 3 2 1 0 1 1 0 0 0 0 0 
2018-7-10 5 11 0 11 2 9 0 9 0 9 4 5 1 4 2 2 1 1 1 0 
2018-7-11 3 9 0 9 1 8 0 8 0 8 4 4 1 3 1 2 1 1 1 0 
2018-7-12 0 1 0 1 0 1 0 1 0 1 0 1 0 1 1 0 0 0 0 0 
2018-7-13 0 0 0 0 0 0 0 0 0 0 0 0 0 0 0 0 0 0 0 0 
2018-7-14 0 1 0 1 0 1 0 1 0 1 0 1 1 0 0 0 0 0 0 0 
2018-7-15 0 0 0 0 0 0 0 0 0 0 0 0 0 0 0 0 0 0 0 0 
2018-7-16 0 0 0 0 0 0 0 0 0 0 0 0 0 0 0 0 0 0 0 0 
2018-7-17 0 0 0 0 0 0 0 0 0 0 0 0 0 0 0 0 0 0 0 0 
2018-7-18 0 0 0 0 0 0 0 0 0 0 0 0 0 0 0 0 0 0 0 0 
2018-7-19 0 1 0 1 0 1 0 1 0 1 0 1 1 0 0 0 0 0 0 0 
2018-7-20 0 0 0 0 0 0 0 0 0 0 0 0 0 0 0 0 0 0 0 0 
2018-7-21 0 1 0 1 1 0 0 0 0 0 0 0 0 0 0 0 0 0 0 0 
2018-7-22 0 0 0 0 0 0 0 0 0 0 0 0 0 0 0 0 0 0 0 0 
2018-7-23 0 0 0 0 0 0 0 0 0 0 0 0 0 0 0 0 0 0 0 0 
2018-7-24 0 1 0 1 1 0 0 0 0 0 0 0 0 0 0 0 0 0 0 0 
2018-7-25 0 2 0 2 1 1 0 1 0 1 0 1 0 1 1 0 0 0 0 0 
2018-7-26 0 0 0 0 0 0 0 0 0 0 0 0 0 0 0 0 0 0 0 0 
2018-7-27 0 0 0 0 0 0 0 0 0 0 0 0 0 0 0 0 0 0 0 0 
2018-7-28 0 0 0 0 0 0 0 0 0 0 0 0 0 0 0 0 0 0 0 0 
2018-7-29 0 0 0 0 0 0 0 0 0 0 0 0 0 0 0 0 0 0 0 0 
2018-7-30 0 0 0 0 0 0 0 0 0 0 0 0 0 0 0 0 0 0 0 0 
2018-7-31 0 0 0 0 0 0 0 0 0 0 0 0 0 0 0 0 0 0 0 0 
