(set(['failed']),_set(['Referer_Origin_Content-Length_User-Agent_Connection_Host_Accept_Accept-Language_Content-Type_Accept-Encoding'])) (set(['failed']),_set(['Referer_Origin_Content-Length_User-Agent_Connection_Dnt_Host_Accept_Accept-Language_Content-Type_Accept-Encoding'])) (set(['failed']),_set(['Referer_Origin_Content-Length_User-Agent_Connection_Host_Cache-Control_Accept_Accept-Language_Content-Type_Accept-Encoding'])) (set(['Referer_Origin_Content-Length_User-Agent_Connection_Host_Accept_Accept-Language_Content-Type_Accept-Encoding']),_set(['Referer_Origin_Content-Length_User-Agent_Connection_Dnt_Host_Accept_Accept-Language_Content-Type_Accept-Encoding'])) (set(['failed']),_set(['Referer_Origin_Content-Length_User-Agent_Connection_Dnt_Host_Cache-Control_Accept_Accept-Language_Content-Type_Accept-Encoding'])) (set(['Referer_Origin_Content-Length_User-Agent_Connection_Host_Accept_Accept-Language_Content-Type_Accept-Encoding']),_set(['Referer_Origin_Content-Length_User-Agent_Connection_Save-Data_Host_Accept_Accept-Language_Content-Type_Accept-Encoding'])) (set(['Referer_Origin_Content-Length_User-Agent_Connection_Dnt_Host_Accept_Accept-Language_Content-Type_Accept-Encoding']),_set(['Referer_Origin_Content-Length_User-Agent_Connection_Host_Accept_Accept-Language_Content-Type_Accept-Encoding'])) (set(['failed']),_set(['Referer_Origin_Content-Length_User-Agent_Connection_Save-Data_Host_Accept_Accept-Language_Content-Type_Accept-Encoding'])) (set(['failed']),_set(['Referer_Origin_Content-Length_User-Agent_Connection_X-Requested-With_Host_Accept_Accept-Language_Content-Type_Accept-Encoding'])) (set(['Referer_Origin_Content-Length_User-Agent_Connection_Host_Accept_Accept-Language_Content-Type_Accept-Encoding']),_set(['Referer_Origin_Content-Length_User-Agent_Connection_Pragma_Host_Cache-Control_Accept_Accept-Language_Content-Type_Accept-Encoding'])) 
2017-11-21 0 0 0 0 0 0 0 0 0 0 0 0 0 0 0 0 0 0 0 0 
2017-11-22 0 0 0 0 0 0 0 0 0 0 0 0 0 0 0 0 0 0 0 0 
2017-11-23 0 0 0 0 0 0 0 0 0 0 0 0 0 0 0 0 0 0 0 0 
2017-11-24 0 0 0 0 0 0 0 0 0 0 0 0 0 0 0 0 0 0 0 0 
2017-11-25 0 0 0 0 0 0 0 0 0 0 0 0 0 0 0 0 0 0 0 0 
2017-11-26 0 0 0 0 0 0 0 0 0 0 0 0 0 0 0 0 0 0 0 0 
2017-11-27 0 0 0 0 0 0 0 0 0 0 0 0 0 0 0 0 0 0 0 0 
2017-11-28 0 0 0 0 0 0 0 0 0 0 0 0 0 0 0 0 0 0 0 0 
2017-11-29 0 0 0 0 0 0 0 0 0 0 0 0 0 0 0 0 0 0 0 0 
2017-11-30 0 0 0 0 0 0 0 0 0 0 0 0 0 0 0 0 0 0 0 0 
2017-12-1 0 0 0 0 0 0 0 0 0 0 0 0 0 0 0 0 0 0 0 0 
2017-12-2 0 0 0 0 0 0 0 0 0 0 0 0 0 0 0 0 0 0 0 0 
2017-12-3 0 0 0 0 0 0 0 0 0 0 0 0 0 0 0 0 0 0 0 0 
2017-12-4 0 0 0 0 0 0 0 0 0 0 0 0 0 0 0 0 0 0 0 0 
2017-12-5 0 0 0 0 0 0 0 0 0 0 0 0 0 0 0 0 0 0 0 0 
2017-12-6 0 0 0 0 0 0 0 0 0 0 0 0 0 0 0 0 0 0 0 0 
2017-12-7 0 0 0 0 0 0 0 0 0 0 0 0 0 0 0 0 0 0 0 0 
2017-12-8 0 0 0 0 0 0 0 0 0 0 0 0 0 0 0 0 0 0 0 0 
2017-12-9 0 0 0 0 0 0 0 0 0 0 0 0 0 0 0 0 0 0 0 0 
2017-12-10 0 0 0 0 0 0 0 0 0 0 0 0 0 0 0 0 0 0 0 0 
2017-12-11 0 0 0 0 0 0 0 0 0 0 0 0 0 0 0 0 0 0 0 0 
2017-12-12 0 0 0 0 0 0 0 0 0 0 0 0 0 0 0 0 0 0 0 0 
2017-12-13 0 0 0 0 0 0 0 0 0 0 0 0 0 0 0 0 0 0 0 0 
2017-12-14 0 0 0 0 0 0 0 0 0 0 0 0 0 0 0 0 0 0 0 0 
2017-12-15 0 0 0 0 0 0 0 0 0 0 0 0 0 0 0 0 0 0 0 0 
2017-12-16 0 0 0 0 0 0 0 0 0 0 0 0 0 0 0 0 0 0 0 0 
2017-12-17 0 0 0 0 0 0 0 0 0 0 0 0 0 0 0 0 0 0 0 0 
2017-12-18 0 0 0 0 0 0 0 0 0 0 0 0 0 0 0 0 0 0 0 0 
2017-12-19 0 0 0 0 0 0 0 0 0 0 0 0 0 0 0 0 0 0 0 0 
2017-12-20 0 0 0 0 0 0 0 0 0 0 0 0 0 0 0 0 0 0 0 0 
2017-12-21 0 0 0 0 0 0 0 0 0 0 0 0 0 0 0 0 0 0 0 0 
2017-12-22 0 0 0 0 0 0 0 0 0 0 0 0 0 0 0 0 0 0 0 0 
2017-12-23 0 0 0 0 0 0 0 0 0 0 0 0 0 0 0 0 0 0 0 0 
2017-12-24 0 0 0 0 0 0 0 0 0 0 0 0 0 0 0 0 0 0 0 0 
2017-12-25 0 0 0 0 0 0 0 0 0 0 0 0 0 0 0 0 0 0 0 0 
2017-12-26 0 0 0 0 0 0 0 0 0 0 0 0 0 0 0 0 0 0 0 0 
2017-12-27 0 0 0 0 0 0 0 0 0 0 0 0 0 0 0 0 0 0 0 0 
2017-12-28 0 0 0 0 0 0 0 0 0 0 0 0 0 0 0 0 0 0 0 0 
2017-12-29 0 0 0 0 0 0 0 0 0 0 0 0 0 0 0 0 0 0 0 0 
2017-12-30 0 0 0 0 0 0 0 0 0 0 0 0 0 0 0 0 0 0 0 0 
2017-12-31 0 0 0 0 0 0 0 0 0 0 0 0 0 0 0 0 0 0 0 0 
2018-1-1 0 0 0 0 0 0 0 0 0 0 0 0 0 0 0 0 0 0 0 0 
2018-1-2 0 0 0 0 0 0 0 0 0 0 0 0 0 0 0 0 0 0 0 0 
2018-1-3 0 0 0 0 0 0 0 0 0 0 0 0 0 0 0 0 0 0 0 0 
2018-1-4 0 0 0 0 0 0 0 0 0 0 0 0 0 0 0 0 0 0 0 0 
2018-1-5 0 0 0 0 0 0 0 0 0 0 0 0 0 0 0 0 0 0 0 0 
2018-1-6 0 0 0 0 0 0 0 0 0 0 0 0 0 0 0 0 0 0 0 0 
2018-1-7 436 117 84 33 20 13 0 13 6 7 0 7 0 7 3 4 3 1 0 1 
2018-1-8 2558 713 424 289 163 126 0 126 79 47 0 47 1 46 19 27 13 14 7 7 
2018-1-9 3865 1414 839 575 327 248 4 244 150 94 0 94 1 93 37 56 23 33 10 23 
2018-1-10 3074 1102 670 432 244 188 2 186 112 74 0 74 2 72 40 32 19 13 2 11 
2018-1-11 4267 1726 1048 678 375 303 4 299 190 109 0 109 4 105 56 49 30 19 8 11 
2018-1-12 3387 1424 849 575 313 262 6 256 153 103 0 103 1 102 55 47 27 20 10 10 
2018-1-13 4309 1810 1176 634 340 294 5 289 140 149 1 148 4 144 71 73 46 27 10 17 
2018-1-14 2789 1049 668 381 193 188 5 183 90 93 0 93 0 93 43 50 32 18 9 9 
2018-1-15 2041 863 552 311 176 135 3 132 68 64 0 64 7 57 22 35 14 21 5 16 
2018-1-16 3020 1171 737 434 251 183 7 176 91 85 1 84 6 78 33 45 25 20 6 14 
2018-1-17 2444 1005 620 385 225 160 7 153 82 71 1 70 6 64 25 39 15 24 8 16 
2018-1-18 1932 791 499 292 149 143 4 139 68 71 0 71 5 66 30 36 16 20 11 9 
2018-1-19 2223 901 545 356 191 165 8 157 93 64 0 64 8 56 33 23 12 11 3 8 
2018-1-20 2219 880 573 307 157 150 9 141 59 82 3 79 4 75 36 39 16 23 17 6 
2018-1-21 2059 863 577 286 148 138 13 125 58 67 0 67 8 59 31 28 11 17 8 9 
2018-1-22 1608 634 376 258 135 123 8 115 69 46 0 46 6 40 16 24 14 10 6 4 
2018-1-23 2034 842 524 318 145 173 20 153 77 76 3 73 8 65 30 35 21 14 7 7 
2018-1-24 716 310 170 140 71 69 6 63 35 28 0 28 6 22 8 14 4 10 3 7 
2018-1-25 1124 407 234 173 87 86 11 75 38 37 0 37 12 25 12 13 3 10 6 4 
2018-1-26 1585 677 397 280 153 127 19 108 58 50 1 49 3 46 19 27 5 22 12 10 
2018-1-27 1236 546 325 221 114 107 10 97 52 45 0 45 10 35 11 24 5 19 13 6 
2018-1-28 785 401 219 182 104 78 5 73 39 34 0 34 4 30 9 21 6 15 11 4 
2018-1-29 673 312 162 150 77 73 3 70 45 25 0 25 4 21 3 18 2 16 12 4 
2018-1-30 1034 405 243 162 87 75 10 65 38 27 0 27 5 22 7 15 3 12 4 8 
2018-1-31 1008 441 254 187 98 89 7 82 51 31 0 31 6 25 8 17 6 11 4 7 
2018-2-1 731 303 178 125 56 69 11 58 32 26 0 26 6 20 9 11 4 7 3 4 
2018-2-2 618 232 139 93 45 48 3 45 17 28 0 28 8 20 9 11 6 5 2 3 
2018-2-3 764 337 200 137 77 60 10 50 23 27 1 26 9 17 5 12 2 10 5 5 
2018-2-4 762 342 211 131 54 77 9 68 24 44 1 43 13 30 14 16 4 12 7 5 
2018-2-5 426 188 109 79 36 43 9 34 12 22 0 22 6 16 8 8 2 6 4 2 
2018-2-6 330 139 84 55 30 25 8 17 6 11 0 11 5 6 3 3 2 1 1 0 
2018-2-7 363 159 100 59 22 37 9 28 9 19 0 19 5 14 10 4 0 4 2 2 
2018-2-8 380 150 81 69 35 34 9 25 6 19 1 18 8 10 3 7 2 5 2 3 
2018-2-9 494 222 128 94 40 54 15 39 22 17 0 17 5 12 4 8 3 5 1 4 
2018-2-10 477 215 129 86 42 44 10 34 12 22 1 21 4 17 7 10 5 5 2 3 
2018-2-11 400 189 100 89 46 43 9 34 12 22 0 22 7 15 8 7 4 3 2 1 
2018-2-12 284 106 57 49 24 25 2 23 8 15 3 12 1 11 2 9 5 4 3 1 
2018-2-13 372 164 87 77 40 37 8 29 8 21 0 21 7 14 6 8 2 6 2 4 
2018-2-14 259 89 58 31 9 22 2 20 8 12 0 12 4 8 2 6 3 3 1 2 
2018-2-15 271 127 68 59 23 36 10 26 10 16 1 15 10 5 1 4 0 4 1 3 
2018-2-16 196 91 47 44 13 31 5 26 8 18 0 18 10 8 3 5 1 4 4 0 
2018-2-17 298 121 67 54 21 33 5 28 8 20 0 20 4 16 5 11 4 7 5 2 
2018-2-18 200 83 51 32 7 25 3 22 4 18 0 18 6 12 8 4 2 2 1 1 
2018-2-19 229 84 48 36 12 24 8 16 5 11 0 11 1 10 7 3 0 3 2 1 
2018-2-20 211 85 46 39 18 21 5 16 8 8 0 8 2 6 4 2 0 2 2 0 
2018-2-21 640 223 129 94 40 54 28 26 3 23 0 23 13 10 5 5 3 2 2 0 
2018-2-22 551 198 127 71 25 46 19 27 4 23 0 23 11 12 4 8 1 7 7 0 
2018-2-23 521 186 110 76 35 41 15 26 2 24 0 24 9 15 8 7 1 6 6 0 
2018-2-24 485 208 140 68 23 45 21 24 6 18 0 18 7 11 4 7 5 2 2 0 
2018-2-25 442 198 135 63 25 38 12 26 0 26 1 25 15 10 5 5 2 3 3 0 
2018-2-26 399 175 101 74 30 44 20 24 4 20 0 20 7 13 6 7 1 6 6 0 
2018-2-27 471 180 103 77 28 49 16 33 3 30 0 30 14 16 5 11 3 8 8 0 
2018-2-28 479 200 119 81 35 46 15 31 0 31 0 31 17 14 8 6 4 2 2 0 
2018-3-1 472 216 124 92 36 56 22 34 3 31 1 30 12 18 6 12 4 8 8 0 
2018-3-2 391 152 89 63 27 36 15 21 1 20 3 17 10 7 5 2 2 0 0 0 
2018-3-3 334 161 86 75 25 50 22 28 3 25 0 25 12 13 6 7 3 4 4 0 
2018-3-4 364 193 115 78 23 55 24 31 3 28 2 26 17 9 3 6 4 2 2 0 
2018-3-5 349 170 85 85 26 59 19 40 5 35 2 33 19 14 5 9 5 4 4 0 
2018-3-6 317 151 85 66 25 41 16 25 4 21 1 20 13 7 2 5 3 2 2 0 
2018-3-7 254 100 53 47 16 31 15 16 2 14 2 12 8 4 0 4 0 4 4 0 
2018-3-8 226 91 53 38 10 28 13 15 1 14 3 11 6 5 1 4 0 4 4 0 
2018-3-9 225 83 38 45 12 33 12 21 2 19 2 17 11 6 2 4 2 2 2 0 
2018-3-10 201 93 49 44 10 34 20 14 0 14 3 11 5 6 2 4 1 3 3 0 
2018-3-11 251 141 68 73 22 51 25 26 2 24 4 20 13 7 2 5 1 4 4 0 
2018-3-12 232 92 48 44 10 34 14 20 3 17 1 16 13 3 2 1 0 1 1 0 
2018-3-13 204 87 50 37 9 28 13 15 1 14 1 13 9 4 1 3 0 3 3 0 
2018-3-14 210 103 53 50 14 36 10 26 0 26 1 25 12 13 5 8 3 5 5 0 
2018-3-15 239 132 70 62 20 42 12 30 1 29 1 28 16 12 7 5 1 4 4 0 
2018-3-16 297 106 49 57 11 46 19 27 0 27 2 25 11 14 8 6 5 1 1 0 
2018-3-17 315 159 78 81 26 55 17 38 6 32 4 28 20 8 4 4 1 3 3 0 
2018-3-18 266 123 49 74 22 52 28 24 2 22 2 20 15 5 2 3 0 3 3 0 
2018-3-19 210 76 36 40 10 30 11 19 1 18 2 16 9 7 3 4 0 4 4 0 
2018-3-20 175 86 38 48 16 32 15 17 0 17 1 16 10 6 3 3 0 3 3 0 
2018-3-21 137 76 27 49 12 37 22 15 1 14 4 10 9 1 1 0 0 0 0 0 
2018-3-22 247 97 58 39 9 30 15 15 0 15 3 12 8 4 2 2 2 0 0 0 
2018-3-23 205 99 47 52 9 43 16 27 2 25 6 19 10 9 2 7 1 6 6 0 
2018-3-24 230 132 60 72 22 50 23 27 1 26 11 15 12 3 1 2 0 2 2 0 
2018-3-25 249 136 65 71 23 48 13 35 2 33 11 22 15 7 3 4 2 2 2 0 
2018-3-26 146 99 46 53 8 45 13 32 2 30 8 22 17 5 1 4 2 2 2 0 
2018-3-27 165 90 40 50 16 34 13 21 2 19 4 15 8 7 5 2 0 2 2 0 
2018-3-28 151 69 29 40 7 33 11 22 0 22 6 16 8 8 7 1 0 1 1 0 
2018-3-29 177 105 51 54 14 40 17 23 1 22 8 14 8 6 4 2 1 1 1 0 
2018-3-30 184 102 50 52 12 40 13 27 0 27 12 15 10 5 2 3 3 0 0 0 
2018-3-31 190 115 48 67 16 51 15 36 0 36 17 19 15 4 4 0 0 0 0 0 
2018-4-1 161 132 55 77 6 71 27 44 1 43 26 17 11 6 5 1 0 1 1 0 
2018-4-2 97 68 19 49 5 44 13 31 1 30 15 15 11 4 4 0 0 0 0 0 
2018-4-3 91 60 27 33 4 29 14 15 0 15 9 6 3 3 2 1 0 1 1 0 
2018-4-4 140 83 33 50 6 44 14 30 2 28 13 15 7 8 5 3 1 2 2 0 
2018-4-5 190 113 33 80 14 66 23 43 1 42 26 16 9 7 5 2 1 1 1 0 
2018-4-6 236 175 73 102 20 82 36 46 0 46 28 18 12 6 2 4 3 1 1 0 
2018-4-7 184 141 60 81 12 69 22 47 1 46 21 25 17 8 5 3 1 2 2 0 
2018-4-8 80 63 29 34 3 31 13 18 1 17 8 9 6 3 3 0 0 0 0 0 
2018-4-9 58 58 24 34 6 28 4 24 1 23 16 7 4 3 2 1 1 0 0 0 
2018-4-10 82 60 14 46 5 41 10 31 1 30 14 16 12 4 3 1 1 0 0 0 
2018-4-11 60 47 15 32 6 26 9 17 1 16 8 8 4 4 3 1 1 0 0 0 
2018-4-12 101 72 26 46 5 41 17 24 0 24 8 16 11 5 4 1 1 0 0 0 
2018-4-13 79 69 27 42 4 38 11 27 1 26 11 15 10 5 5 0 0 0 0 0 
2018-4-14 95 70 27 43 2 41 12 29 0 29 15 14 7 7 6 1 1 0 0 0 
2018-4-15 70 66 29 37 4 33 3 30 3 27 16 11 8 3 3 0 0 0 0 0 
2018-4-16 245 175 67 108 12 96 37 59 2 57 28 29 20 9 7 2 1 1 1 0 
2018-4-17 242 157 54 103 11 92 22 70 3 67 30 37 25 12 11 1 0 1 1 0 
2018-4-18 352 252 122 130 23 107 42 65 2 63 21 42 16 26 20 6 5 1 1 0 
2018-4-19 512 310 196 114 34 80 24 56 0 56 18 38 20 18 15 3 3 0 0 0 
2018-4-20 492 286 173 113 35 78 22 56 3 53 21 32 9 23 19 4 3 1 1 0 
2018-4-21 314 190 84 106 17 89 37 52 3 49 22 27 14 13 10 3 3 0 0 0 
2018-4-22 309 214 138 76 14 62 16 46 2 44 23 21 13 8 7 1 1 0 0 0 
2018-4-23 325 170 104 66 16 50 16 34 1 33 12 21 8 13 10 3 3 0 0 0 
2018-4-24 187 121 67 54 10 44 19 25 0 25 11 14 6 8 7 1 1 0 0 0 
2018-4-25 180 103 46 57 7 50 17 33 2 31 13 18 13 5 5 0 0 0 0 0 
2018-4-26 132 73 34 39 5 34 12 22 1 21 9 12 6 6 6 0 0 0 0 0 
2018-4-27 194 157 59 98 17 81 32 49 1 48 23 25 15 10 7 3 3 0 0 0 
2018-4-28 299 203 107 96 13 83 35 48 2 46 14 32 20 12 10 2 2 0 0 0 
2018-4-29 135 72 40 32 3 29 9 20 3 17 10 7 5 2 1 1 1 0 0 0 
2018-4-30 172 100 57 43 6 37 15 22 1 21 5 16 12 4 2 2 2 0 0 0 
2018-5-1 184 109 62 47 8 39 19 20 3 17 4 13 6 7 5 2 2 0 0 0 
2018-5-2 187 95 56 39 5 34 14 20 1 19 7 12 8 4 3 1 1 0 0 0 
2018-5-3 217 141 61 80 15 65 29 36 1 35 16 19 14 5 5 0 0 0 0 0 
2018-5-4 233 162 84 78 9 69 18 51 5 46 14 32 22 10 7 3 3 0 0 0 
2018-5-5 68 49 24 25 2 23 10 13 1 12 5 7 6 1 1 0 0 0 0 0 
2018-5-6 169 122 63 59 10 49 20 29 0 29 7 22 14 8 5 3 3 0 0 0 
2018-5-7 146 116 54 62 12 50 20 30 1 29 14 15 11 4 2 2 1 1 1 0 
2018-5-8 142 100 39 61 9 52 14 38 0 38 17 21 17 4 3 1 1 0 0 0 
2018-5-9 118 93 32 61 7 54 22 32 0 32 15 17 12 5 4 1 0 1 1 0 
2018-5-10 182 147 67 80 12 68 27 41 0 41 13 28 23 5 4 1 1 0 0 0 
2018-5-11 163 120 62 58 10 48 25 23 0 23 6 17 15 2 2 0 0 0 0 0 
2018-5-12 199 126 60 66 8 58 21 37 1 36 16 20 15 5 3 2 2 0 0 0 
2018-5-13 198 130 68 62 8 54 17 37 2 35 16 19 15 4 3 1 1 0 0 0 
2018-5-14 226 163 85 78 11 67 26 41 1 40 18 22 11 11 9 2 2 0 0 0 
2018-5-15 159 117 62 55 10 45 15 30 0 30 11 19 14 5 5 0 0 0 0 0 
2018-5-16 147 94 44 50 3 47 17 30 1 29 9 20 11 9 7 2 1 1 1 0 
2018-5-17 130 89 36 53 3 50 13 37 0 37 29 8 6 2 1 1 1 0 0 0 
2018-5-18 188 151 60 91 4 87 26 61 1 60 34 26 15 11 7 4 3 1 1 0 
2018-5-19 205 176 74 102 12 90 28 62 2 60 38 22 13 9 8 1 1 0 0 0 
2018-5-20 144 126 48 78 9 69 17 52 1 51 30 21 12 9 9 0 0 0 0 0 
2018-5-21 139 135 43 92 8 84 25 59 0 59 30 29 23 6 6 0 0 0 0 0 
2018-5-22 139 93 33 60 5 55 12 43 2 41 27 14 11 3 1 2 2 0 0 0 
2018-5-23 65 50 13 37 0 37 9 28 0 28 16 12 7 5 3 2 2 0 0 0 
2018-5-24 89 79 21 58 4 54 14 40 1 39 27 12 10 2 2 0 0 0 0 0 
2018-5-25 81 94 35 59 3 56 20 36 0 36 19 17 13 4 4 0 0 0 0 0 
2018-5-26 123 109 42 67 2 65 19 46 0 46 28 18 11 7 6 1 1 0 0 0 
2018-5-27 92 63 24 39 1 38 15 23 0 23 16 7 5 2 2 0 0 0 0 0 
2018-5-28 97 80 27 53 2 51 17 34 0 34 22 12 7 5 5 0 0 0 0 0 
2018-5-29 78 63 19 44 6 38 14 24 0 24 17 7 3 4 2 2 2 0 0 0 
2018-5-30 84 80 19 61 1 60 11 49 0 49 30 19 16 3 3 0 0 0 0 0 
2018-5-31 91 87 28 59 2 57 18 39 0 39 32 7 4 3 3 0 0 0 0 0 
2018-6-1 106 107 30 77 3 74 24 50 0 50 32 18 13 5 5 0 0 0 0 0 
2018-6-2 150 129 48 81 6 75 18 57 0 57 34 23 18 5 5 0 0 0 0 0 
2018-6-3 164 144 67 77 4 73 29 44 0 44 24 20 15 5 4 1 1 0 0 0 
2018-6-4 165 130 49 81 6 75 21 54 2 52 29 23 17 6 5 1 1 0 0 0 
2018-6-5 160 143 51 92 0 92 28 64 0 64 36 28 23 5 4 1 1 0 0 0 
2018-6-6 122 120 40 80 0 80 25 55 1 54 25 29 21 8 8 0 0 0 0 0 
2018-6-7 132 131 56 75 2 73 34 39 0 39 28 11 8 3 3 0 0 0 0 0 
2018-6-8 162 144 56 88 1 87 24 63 1 62 35 27 20 7 6 1 1 0 0 0 
2018-6-9 124 121 52 69 2 67 23 44 0 44 24 20 12 8 7 1 1 0 0 0 
2018-6-10 71 57 22 35 2 33 10 23 0 23 10 13 7 6 6 0 0 0 0 0 
2018-6-11 65 67 21 46 1 45 12 33 0 33 23 10 6 4 4 0 0 0 0 0 
2018-6-12 91 116 39 77 3 74 28 46 0 46 26 20 16 4 4 0 0 0 0 0 
2018-6-13 102 113 25 88 2 86 30 56 0 56 42 14 12 2 2 0 0 0 0 0 
2018-6-14 67 93 27 66 2 64 20 44 0 44 26 18 12 6 6 0 0 0 0 0 
2018-6-15 111 114 24 90 1 89 31 58 0 58 20 38 24 14 10 4 4 0 0 0 
2018-6-16 113 134 40 94 1 93 34 59 0 59 28 31 24 7 6 1 1 0 0 0 
2018-6-17 106 110 31 79 1 78 24 54 0 54 32 22 16 6 6 0 0 0 0 0 
2018-6-18 85 99 34 65 5 60 22 38 0 38 19 19 15 4 4 0 0 0 0 0 
2018-6-19 90 133 33 100 0 100 26 74 0 74 45 29 17 12 11 1 1 0 0 0 
2018-6-20 67 85 25 60 0 60 22 38 0 38 21 17 9 8 8 0 0 0 0 0 
2018-6-21 61 70 22 48 0 48 13 35 0 35 21 14 5 9 8 1 1 0 0 0 
2018-6-22 122 141 39 102 0 102 46 56 0 56 28 28 17 11 10 1 1 0 0 0 
2018-6-23 82 74 26 48 0 48 16 32 0 32 18 14 11 3 3 0 0 0 0 0 
2018-6-24 76 103 30 73 1 72 23 49 0 49 29 20 14 6 5 1 1 0 0 0 
2018-6-25 139 149 44 105 1 104 38 66 0 66 38 28 19 9 8 1 1 0 0 0 
2018-6-26 129 134 53 81 0 81 17 64 0 64 30 34 19 15 13 2 2 0 0 0 
2018-6-27 57 68 20 48 1 47 22 25 0 25 14 11 5 6 6 0 0 0 0 0 
2018-6-28 61 75 16 59 0 59 19 40 0 40 30 10 5 5 5 0 0 0 0 0 
2018-6-29 79 76 22 54 0 54 16 38 0 38 25 13 10 3 3 0 0 0 0 0 
2018-6-30 128 116 39 77 0 77 19 58 1 57 30 27 21 6 6 0 0 0 0 0 
2018-7-1 108 97 32 65 0 65 22 43 0 43 17 26 16 10 10 0 0 0 0 0 
2018-7-2 65 82 22 60 2 58 15 43 0 43 28 15 12 3 3 0 0 0 0 0 
2018-7-3 93 106 36 70 1 69 29 40 0 40 24 16 15 1 1 0 0 0 0 0 
2018-7-4 49 73 12 61 0 61 23 38 0 38 21 17 11 6 3 3 3 0 0 0 
2018-7-5 92 106 14 92 1 91 31 60 0 60 31 29 22 7 6 1 1 0 0 0 
2018-7-6 71 86 19 67 0 67 26 41 1 40 25 15 13 2 2 0 0 0 0 0 
2018-7-7 31 54 15 39 0 39 16 23 1 22 9 13 12 1 1 0 0 0 0 0 
2018-7-8 57 81 24 57 0 57 20 37 0 37 19 18 13 5 5 0 0 0 0 0 
2018-7-9 68 82 27 55 0 55 13 42 0 42 15 27 20 7 6 1 1 0 0 0 
2018-7-10 87 111 30 81 1 80 26 54 0 54 33 21 17 4 4 0 0 0 0 0 
2018-7-11 92 105 27 78 1 77 30 47 0 47 23 24 23 1 1 0 0 0 0 0 
2018-7-12 8 13 5 8 0 8 4 4 0 4 1 3 2 1 1 0 0 0 0 0 
2018-7-13 2 2 1 1 0 1 0 1 0 1 0 1 1 0 0 0 0 0 0 0 
2018-7-14 2 3 2 1 0 1 1 0 0 0 0 0 0 0 0 0 0 0 0 0 
2018-7-15 0 2 0 2 0 2 0 2 0 2 1 1 1 0 0 0 0 0 0 0 
2018-7-16 2 4 3 1 0 1 0 1 0 1 0 1 1 0 0 0 0 0 0 0 
2018-7-17 1 1 1 0 0 0 0 0 0 0 0 0 0 0 0 0 0 0 0 0 
2018-7-18 3 3 2 1 0 1 1 0 0 0 0 0 0 0 0 0 0 0 0 0 
2018-7-19 1 3 1 2 0 2 1 1 0 1 0 1 0 1 0 1 1 0 0 0 
2018-7-20 0 3 0 3 0 3 3 0 0 0 0 0 0 0 0 0 0 0 0 0 
2018-7-21 0 2 0 2 0 2 1 1 0 1 0 1 1 0 0 0 0 0 0 0 
2018-7-22 0 4 2 2 0 2 0 2 0 2 0 2 1 1 0 1 1 0 0 0 
2018-7-23 3 4 0 4 0 4 1 3 0 3 0 3 3 0 0 0 0 0 0 0 
2018-7-24 1 3 1 2 0 2 2 0 0 0 0 0 0 0 0 0 0 0 0 0 
2018-7-25 2 1 0 1 0 1 1 0 0 0 0 0 0 0 0 0 0 0 0 0 
2018-7-26 1 4 1 3 0 3 2 1 0 1 0 1 1 0 0 0 0 0 0 0 
2018-7-27 0 1 1 0 0 0 0 0 0 0 0 0 0 0 0 0 0 0 0 0 
2018-7-28 2 6 2 4 0 4 1 3 0 3 0 3 2 1 0 1 1 0 0 0 
2018-7-29 2 0 0 0 0 0 0 0 0 0 0 0 0 0 0 0 0 0 0 0 
2018-7-30 0 0 0 0 0 0 0 0 0 0 0 0 0 0 0 0 0 0 0 0 
2018-7-31 0 0 0 0 0 0 0 0 0 0 0 0 0 0 0 0 0 0 0 0 
