(set(['Dusseldorf']),_set(['Dortmund'])) (set(['Dortmund']),_set(['Dusseldorf'])) (set(['Dusseldorf']),_set(['Bonn'])) (set(['Bonn']),_set(['Dusseldorf'])) (set(['Aachen']),_set(['Dusseldorf'])) (set(['Dusseldorf']),_set(['Aachen'])) (set(['Potsdam']),_set(['Berlin'])) (set(['Nuremberg']),_set(['Munich'])) (set(['Berlin']),_set(['Potsdam'])) (set(['Munich']),_set(['Nuremberg'])) 
2017-11-21 0 0 0 0 0 0 0 0 0 0 0 0 0 0 0 0 0 0 0 0 
2017-11-22 1 5 0 5 0 5 0 5 3 2 0 2 1 1 1 0 0 0 0 0 
2017-11-23 3 19 3 16 2 14 2 12 3 9 1 8 3 5 1 4 2 2 1 1 
2017-11-24 6 25 3 22 2 20 2 18 3 15 1 14 3 11 3 8 0 8 5 3 
2017-11-25 3 22 4 18 3 15 4 11 3 8 4 4 2 2 0 2 1 1 1 0 
2017-11-26 6 34 6 28 1 27 2 25 9 16 2 14 1 13 4 9 2 7 4 3 
2017-11-27 3 50 7 43 5 38 8 30 3 27 3 24 7 17 3 14 4 10 6 4 
2017-11-28 4 42 3 39 3 36 4 32 6 26 8 18 1 17 3 14 4 10 6 4 
2017-11-29 6 23 3 20 1 19 4 15 2 13 3 10 1 9 2 7 3 4 4 0 
2017-11-30 3 29 4 25 0 25 6 19 6 13 0 13 3 10 7 3 1 2 0 2 
2017-12-1 8 42 10 32 5 27 6 21 4 17 2 15 6 9 3 6 2 4 1 3 
2017-12-2 8 28 4 24 1 23 2 21 6 15 0 15 2 13 8 5 0 5 2 3 
2017-12-3 12 58 8 50 4 46 4 42 8 34 5 29 3 26 6 20 4 16 11 5 
2017-12-4 6 56 9 47 3 44 5 39 9 30 5 25 6 19 6 13 5 8 7 1 
2017-12-5 14 80 13 67 4 63 10 53 8 45 11 34 6 28 4 24 5 19 9 10 
2017-12-6 11 61 16 45 6 39 8 31 9 22 7 15 3 12 2 10 1 9 7 2 
2017-12-7 4 39 9 30 2 28 4 24 6 18 2 16 6 10 3 7 0 7 5 2 
2017-12-8 18 67 14 53 7 46 6 40 8 32 5 27 6 21 8 13 5 8 6 2 
2017-12-9 9 87 16 71 7 64 10 54 9 45 7 38 9 29 7 22 11 11 6 5 
2017-12-10 12 66 14 52 6 46 8 38 8 30 3 27 6 21 4 17 8 9 6 3 
2017-12-11 17 85 12 73 5 68 7 61 13 48 6 42 8 34 14 20 9 11 8 3 
2017-12-12 7 50 9 41 5 36 3 33 12 21 4 17 4 13 2 11 7 4 4 0 
2017-12-13 16 61 5 56 8 48 6 42 11 31 9 22 6 16 4 12 3 9 8 1 
2017-12-14 11 32 2 30 3 27 2 25 5 20 5 15 2 13 3 10 2 8 2 6 
2017-12-15 7 24 6 18 3 15 3 12 4 8 3 5 2 3 0 3 1 2 1 1 
2017-12-16 11 62 11 51 6 45 5 40 8 32 9 23 4 19 7 12 5 7 5 2 
2017-12-17 7 39 7 32 2 30 2 28 5 23 3 20 4 16 7 9 7 2 1 1 
2017-12-18 11 58 15 43 3 40 7 33 9 24 3 21 7 14 5 9 5 4 2 2 
2017-12-19 19 77 14 63 9 54 12 42 9 33 5 28 2 26 8 18 7 11 6 5 
2017-12-20 14 94 17 77 7 70 13 57 6 51 6 45 7 38 11 27 9 18 12 6 
2017-12-21 14 68 14 54 7 47 8 39 6 33 5 28 6 22 9 13 3 10 10 0 
2017-12-22 13 89 15 74 6 68 11 57 15 42 9 33 8 25 7 18 7 11 5 6 
2017-12-23 8 37 8 29 2 27 6 21 4 17 3 14 3 11 3 8 2 6 3 3 
2017-12-24 1 16 2 14 2 12 0 12 2 10 2 8 1 7 1 6 1 5 3 2 
2017-12-25 5 24 9 15 1 14 3 11 5 6 3 3 2 1 0 1 1 0 0 0 
2017-12-26 11 90 23 67 5 62 12 50 13 37 6 31 8 23 6 17 5 12 8 4 
2017-12-27 12 43 7 36 4 32 5 27 3 24 0 24 2 22 6 16 6 10 5 5 
2017-12-28 12 85 16 69 12 57 10 47 6 41 9 32 6 26 11 15 6 9 4 5 
2017-12-29 15 69 11 58 7 51 5 46 5 41 9 32 4 28 10 18 10 8 5 3 
2017-12-30 6 54 13 41 5 36 3 33 8 25 5 20 2 18 8 10 5 5 3 2 
2017-12-31 14 41 5 36 7 29 3 26 5 21 8 13 5 8 0 8 3 5 4 1 
2018-1-1 0 0 0 0 0 0 0 0 0 0 0 0 0 0 0 0 0 0 0 0 
2018-1-2 0 0 0 0 0 0 0 0 0 0 0 0 0 0 0 0 0 0 0 0 
2018-1-3 0 0 0 0 0 0 0 0 0 0 0 0 0 0 0 0 0 0 0 0 
2018-1-4 0 0 0 0 0 0 0 0 0 0 0 0 0 0 0 0 0 0 0 0 
2018-1-5 0 0 0 0 0 0 0 0 0 0 0 0 0 0 0 0 0 0 0 0 
2018-1-6 14 29 7 22 3 19 4 15 2 13 4 9 2 7 2 5 1 4 3 1 
2018-1-7 2 36 5 31 8 23 1 22 5 17 2 15 2 13 5 8 5 3 3 0 
2018-1-8 2 22 2 20 4 16 1 15 1 14 0 14 5 9 3 6 1 5 1 4 
2018-1-9 15 57 7 50 5 45 4 41 6 35 5 30 7 23 7 16 7 9 6 3 
2018-1-10 14 54 15 39 3 36 7 29 3 26 7 19 2 17 8 9 5 4 0 4 
2018-1-11 19 86 17 69 8 61 11 50 9 41 6 35 4 31 7 24 4 20 12 8 
2018-1-12 16 81 15 66 11 55 8 47 9 38 3 35 6 29 10 19 8 11 7 4 
2018-1-13 21 108 18 90 9 81 12 69 13 56 14 42 7 35 13 22 9 13 2 11 
2018-1-14 14 78 18 60 14 46 4 42 8 34 3 31 5 26 10 16 4 12 5 7 
2018-1-15 8 62 15 47 6 41 5 36 5 31 4 27 7 20 3 17 4 13 5 8 
2018-1-16 18 104 19 85 10 75 10 65 12 53 12 41 12 29 7 22 9 13 9 4 
2018-1-17 26 62 8 54 10 44 10 34 9 25 3 22 4 18 5 13 5 8 7 1 
2018-1-18 20 75 12 63 9 54 10 44 7 37 6 31 6 25 7 18 6 12 5 7 
2018-1-19 25 100 20 80 15 65 14 51 10 41 7 34 8 26 7 19 6 13 5 8 
2018-1-20 25 115 16 99 15 84 17 67 10 57 11 46 11 35 4 31 8 23 10 13 
2018-1-21 29 114 31 83 16 67 12 55 11 44 6 38 9 29 5 24 4 20 8 12 
2018-1-22 18 91 22 69 10 59 12 47 14 33 4 29 5 24 5 19 8 11 4 7 
2018-1-23 34 112 32 80 10 70 15 55 4 51 6 45 7 38 9 29 7 22 12 10 
2018-1-24 11 38 7 31 7 24 4 20 2 18 2 16 4 12 1 11 6 5 1 4 
2018-1-25 15 60 11 49 12 37 8 29 6 23 5 18 5 13 1 12 6 6 3 3 
2018-1-26 30 84 8 76 20 56 20 36 4 32 3 29 10 19 9 10 5 5 4 1 
2018-1-27 17 69 13 56 5 51 8 43 5 38 5 33 8 25 3 22 10 12 7 5 
2018-1-28 16 41 6 35 5 30 5 25 3 22 2 20 5 15 7 8 2 6 6 0 
2018-1-29 5 28 7 21 2 19 1 18 3 15 2 13 3 10 1 9 5 4 2 2 
2018-1-30 12 69 15 54 7 47 9 38 6 32 4 28 4 24 10 14 6 8 5 3 
2018-1-31 12 74 13 61 10 51 16 35 4 31 5 26 4 22 4 18 6 12 6 6 
2018-2-1 10 50 14 36 4 32 6 26 3 23 3 20 5 15 4 11 3 8 3 5 
2018-2-2 7 40 9 31 8 23 5 18 7 11 2 9 0 9 1 8 4 4 1 3 
2018-2-3 15 48 10 38 6 32 6 26 7 19 4 15 2 13 3 10 3 7 2 5 
2018-2-4 15 62 8 54 8 46 10 36 7 29 5 24 3 21 10 11 6 5 1 4 
2018-2-5 6 19 3 16 2 14 3 11 1 10 3 7 0 7 3 4 3 1 0 1 
2018-2-6 6 25 4 21 3 18 3 15 7 8 1 7 3 4 1 3 1 2 0 2 
2018-2-7 5 18 3 15 0 15 2 13 2 11 1 10 1 9 1 8 2 6 4 2 
2018-2-8 6 24 4 20 6 14 5 9 2 7 1 6 1 5 1 4 1 3 1 2 
2018-2-9 15 46 6 40 6 34 5 29 3 26 4 22 8 14 1 13 2 11 7 4 
2018-2-10 7 48 8 40 7 33 7 26 6 20 4 16 5 11 0 11 3 8 4 4 
2018-2-11 11 34 10 24 6 18 4 14 2 12 2 10 0 10 6 4 2 2 0 2 
2018-2-12 5 21 5 16 3 13 3 10 2 8 0 8 3 5 2 3 0 3 2 1 
2018-2-13 3 32 10 22 7 15 4 11 0 11 2 9 3 6 2 4 2 2 2 0 
2018-2-14 3 23 7 16 2 14 4 10 1 9 2 7 2 5 0 5 4 1 0 1 
2018-2-15 8 31 8 23 3 20 3 17 1 16 1 15 2 13 1 12 3 9 4 5 
2018-2-16 5 21 6 15 1 14 3 11 0 11 1 10 2 8 2 6 3 3 1 2 
2018-2-17 7 23 4 19 3 16 7 9 0 9 0 9 2 7 1 6 1 5 2 3 
2018-2-18 2 22 3 19 2 17 4 13 4 9 2 7 2 5 1 4 0 4 3 1 
2018-2-19 5 12 1 11 2 9 1 8 1 7 1 6 0 6 1 5 3 2 0 2 
2018-2-20 12 17 3 14 2 12 3 9 1 8 4 4 0 4 0 4 0 4 0 4 
2018-2-21 8 47 9 38 8 30 9 21 7 14 2 12 3 9 1 8 5 3 2 1 
2018-2-22 11 54 10 44 10 34 7 27 1 26 4 22 6 16 5 11 5 6 2 4 
2018-2-23 17 50 8 42 6 36 6 30 4 26 3 23 10 13 4 9 2 7 4 3 
2018-2-24 14 51 13 38 8 30 3 27 8 19 3 16 6 10 4 6 2 4 1 3 
2018-2-25 9 58 8 50 8 42 9 33 3 30 11 19 3 16 4 12 4 8 4 4 
2018-2-26 10 39 9 30 5 25 2 23 4 19 2 17 6 11 1 10 5 5 3 2 
2018-2-27 9 49 10 39 5 34 5 29 5 24 6 18 3 15 2 13 4 9 4 5 
2018-2-28 14 58 12 46 6 40 4 36 5 31 10 21 3 18 6 12 3 9 4 5 
2018-3-1 11 48 11 37 10 27 5 22 2 20 5 15 3 12 2 10 6 4 3 1 
2018-3-2 19 50 9 41 8 33 6 27 6 21 4 17 4 13 3 10 5 5 2 3 
2018-3-3 6 57 15 42 6 36 3 33 3 30 6 24 3 21 0 21 8 13 6 7 
2018-3-4 13 70 20 50 14 36 5 31 5 26 5 21 6 15 2 13 3 10 5 5 
2018-3-5 11 44 6 38 8 30 4 26 7 19 2 17 4 13 4 9 2 7 3 4 
2018-3-6 13 46 10 36 7 29 5 24 4 20 4 16 5 11 4 7 1 6 3 3 
2018-3-7 15 36 5 31 7 24 3 21 7 14 3 11 2 9 3 6 4 2 0 2 
2018-3-8 7 41 9 32 11 21 6 15 4 11 3 8 2 6 2 4 3 1 0 1 
2018-3-9 7 37 8 29 4 25 6 19 2 17 3 14 5 9 0 9 2 7 3 4 
2018-3-10 11 28 7 21 4 17 3 14 2 12 1 11 3 8 0 8 3 5 4 1 
2018-3-11 10 42 6 36 6 30 10 20 2 18 3 15 4 11 3 8 4 4 3 1 
2018-3-12 3 32 9 23 3 20 4 16 1 15 1 14 2 12 4 8 4 4 1 3 
2018-3-13 9 25 3 22 7 15 5 10 2 8 3 5 1 4 1 3 1 2 1 1 
2018-3-14 5 31 3 28 4 24 9 15 4 11 2 9 1 8 2 6 3 3 0 3 
2018-3-15 11 46 8 38 5 33 8 25 1 24 5 19 3 16 6 10 4 6 4 2 
2018-3-16 16 50 12 38 5 33 5 28 4 24 4 20 4 16 2 14 6 8 4 4 
2018-3-17 18 63 20 43 7 36 9 27 1 26 3 23 3 20 7 13 8 5 3 2 
2018-3-18 11 51 8 43 5 38 6 32 4 28 4 24 10 14 1 13 5 8 4 4 
2018-3-19 9 36 8 28 2 26 4 22 3 19 5 14 2 12 4 8 2 6 2 4 
2018-3-20 5 32 3 29 4 25 6 19 1 18 3 15 7 8 2 6 2 4 3 1 
2018-3-21 4 33 4 29 9 20 3 17 1 16 2 14 5 9 4 5 2 3 3 0 
2018-3-22 10 35 7 28 1 27 4 23 2 21 5 16 2 14 5 9 6 3 3 0 
2018-3-23 7 38 9 29 5 24 4 20 2 18 2 16 4 12 2 10 3 7 4 3 
2018-3-24 6 40 13 27 3 24 2 22 2 20 1 19 3 16 5 11 6 5 4 1 
2018-3-25 15 45 9 36 4 32 7 25 5 20 4 16 4 12 6 6 2 4 1 3 
2018-3-26 11 41 7 34 7 27 4 23 2 21 4 17 3 14 2 12 2 10 6 4 
2018-3-27 3 33 7 26 3 23 4 19 3 16 6 10 2 8 1 7 7 0 0 0 
2018-3-28 10 21 2 19 1 18 1 17 1 16 4 12 2 10 2 8 2 6 4 2 
2018-3-29 6 31 5 26 3 23 5 18 0 18 5 13 1 12 5 7 3 4 1 3 
2018-3-30 6 40 11 29 2 27 4 23 4 19 4 15 4 11 1 10 3 7 3 4 
2018-3-31 5 28 1 27 4 23 5 18 2 16 4 12 4 8 3 5 2 3 1 2 
2018-4-1 13 21 5 16 4 12 5 7 1 6 0 6 2 4 1 3 2 1 0 1 
2018-4-2 4 15 3 12 3 9 1 8 2 6 2 4 3 1 0 1 0 1 1 0 
2018-4-3 7 19 2 17 0 17 4 13 0 13 5 8 1 7 4 3 1 2 0 2 
2018-4-4 12 24 8 16 4 12 1 11 1 10 1 9 0 9 2 7 3 4 4 0 
2018-4-5 10 30 4 26 7 19 2 17 3 14 4 10 0 10 2 8 0 8 6 2 
2018-4-6 13 46 9 37 6 31 7 24 4 20 4 16 5 11 3 8 2 6 3 3 
2018-4-7 12 38 7 31 5 26 2 24 3 21 3 18 3 15 3 12 6 6 4 2 
2018-4-8 6 13 2 11 1 10 0 10 1 9 1 8 2 6 2 4 1 3 2 1 
2018-4-9 3 18 5 13 4 9 3 6 0 6 1 5 1 4 1 3 0 3 1 2 
2018-4-10 6 16 2 14 1 13 1 12 2 10 3 7 2 5 1 4 1 3 1 2 
2018-4-11 3 9 2 7 3 4 2 2 0 2 0 2 0 2 1 1 0 1 0 1 
2018-4-12 8 37 5 32 4 28 7 21 0 21 5 16 5 11 0 11 2 9 4 5 
2018-4-13 6 24 8 16 2 14 6 8 2 6 0 6 1 5 0 5 3 2 0 2 
2018-4-14 7 13 3 10 2 8 1 7 0 7 4 3 1 2 0 2 0 2 2 0 
2018-4-15 6 20 3 17 1 16 0 16 1 15 2 13 1 12 2 10 2 8 3 5 
2018-4-16 11 52 10 42 8 34 8 26 4 22 3 19 3 16 1 15 6 9 6 3 
2018-4-17 13 58 16 42 7 35 8 27 1 26 5 21 7 14 4 10 5 5 3 2 
2018-4-18 18 60 12 48 4 44 9 35 2 33 5 28 7 21 6 15 7 8 2 6 
2018-4-19 15 51 8 43 9 34 12 22 5 17 3 14 7 7 1 6 2 4 2 2 
2018-4-20 14 59 15 44 7 37 9 28 8 20 5 15 0 15 5 10 5 5 2 3 
2018-4-21 18 56 18 38 4 34 4 30 1 29 8 21 4 17 4 13 6 7 3 4 
2018-4-22 9 62 9 53 9 44 5 39 6 33 7 26 6 20 8 12 3 9 6 3 
2018-4-23 7 42 18 24 3 21 5 16 4 12 3 9 2 7 2 5 0 5 4 1 
2018-4-24 7 36 11 25 5 20 4 16 3 13 3 10 1 9 3 6 2 4 2 2 
2018-4-25 5 31 5 26 6 20 1 19 4 15 2 13 7 6 1 5 1 4 2 2 
2018-4-26 6 27 3 24 5 19 2 17 3 14 3 11 3 8 2 6 3 3 0 3 
2018-4-27 10 47 10 37 9 28 9 19 4 15 2 13 2 11 1 10 1 9 3 6 
2018-4-28 6 47 12 35 4 31 5 26 7 19 6 13 0 13 4 9 2 7 2 5 
2018-4-29 4 20 3 17 2 15 5 10 1 9 1 8 1 7 1 6 1 5 3 2 
2018-4-30 10 26 5 21 4 17 4 13 2 11 3 8 1 7 0 7 3 4 4 0 
2018-5-1 5 30 2 28 4 24 3 21 2 19 3 16 1 15 4 11 3 8 3 5 
2018-5-2 8 27 3 24 3 21 2 19 3 16 1 15 3 12 5 7 2 5 4 1 
2018-5-3 10 40 11 29 8 21 2 19 3 16 2 14 4 10 2 8 4 4 3 1 
2018-5-4 11 42 10 32 8 24 4 20 5 15 3 12 2 10 2 8 3 5 2 3 
2018-5-5 7 22 6 16 4 12 2 10 1 9 4 5 1 4 1 3 0 3 3 0 
2018-5-6 10 47 12 35 9 26 5 21 3 18 4 14 4 10 3 7 3 4 1 3 
2018-5-7 8 30 8 22 4 18 5 13 3 10 0 10 4 6 5 1 0 1 1 0 
2018-5-8 8 52 10 42 6 36 9 27 3 24 5 19 3 16 4 12 5 7 2 5 
2018-5-9 8 35 9 26 3 23 7 16 1 15 4 11 2 9 3 6 3 3 2 1 
2018-5-10 11 61 15 46 11 35 7 28 7 21 6 15 2 13 4 9 4 5 2 3 
2018-5-11 9 49 11 38 8 30 3 27 4 23 1 22 5 17 3 14 8 6 5 1 
2018-5-12 7 51 14 37 6 31 9 22 4 18 1 17 4 13 4 9 0 9 4 5 
2018-5-13 7 41 10 31 5 26 5 21 6 15 2 13 2 11 4 7 2 5 3 2 
2018-5-14 10 45 9 36 6 30 8 22 6 16 1 15 6 9 2 7 2 5 3 2 
2018-5-15 10 56 14 42 6 36 8 28 7 21 4 17 3 14 1 13 8 5 3 2 
2018-5-16 12 38 8 30 6 24 8 16 3 13 3 10 3 7 4 3 0 3 1 2 
2018-5-17 10 41 5 36 9 27 5 22 7 15 3 12 4 8 1 7 2 5 2 3 
2018-5-18 15 50 13 37 6 31 7 24 3 21 4 17 2 15 6 9 3 6 4 2 
2018-5-19 13 57 8 49 13 36 5 31 6 25 4 21 2 19 6 13 4 9 6 3 
2018-5-20 13 33 4 29 8 21 7 14 3 11 2 9 2 7 4 3 1 2 1 1 
2018-5-21 15 53 9 44 8 36 5 31 1 30 5 25 7 18 2 16 3 13 9 4 
2018-5-22 10 37 9 28 5 23 1 22 1 21 5 16 2 14 2 12 4 8 5 3 
2018-5-23 5 25 6 19 3 16 4 12 1 11 5 6 1 5 0 5 0 5 1 4 
2018-5-24 7 27 3 24 8 16 7 9 2 7 1 6 0 6 2 4 2 2 1 1 
2018-5-25 7 27 7 20 4 16 1 15 6 9 1 8 1 7 3 4 0 4 4 0 
2018-5-26 9 34 7 27 3 24 8 16 4 12 1 11 2 9 4 5 2 3 1 2 
2018-5-27 7 17 4 13 2 11 2 9 1 8 0 8 0 8 4 4 1 3 3 0 
2018-5-28 6 27 7 20 4 16 2 14 3 11 0 11 5 6 3 3 1 2 1 1 
2018-5-29 4 20 2 18 5 13 2 11 1 10 4 6 0 6 0 6 3 3 1 2 
2018-5-30 6 30 6 24 4 20 5 15 1 14 3 11 0 11 3 8 0 8 4 4 
2018-5-31 8 48 9 39 8 31 7 24 1 23 4 19 3 16 1 15 7 8 3 5 
2018-6-1 7 53 18 35 0 35 6 29 2 27 6 21 3 18 6 12 3 9 3 6 
2018-6-2 11 48 8 40 7 33 7 26 3 23 5 18 0 18 8 10 3 7 4 3 
2018-6-3 6 38 5 33 3 30 6 24 3 21 6 15 3 12 4 8 3 5 3 2 
2018-6-4 11 46 11 35 9 26 6 20 1 19 0 19 5 14 3 11 5 6 5 1 
2018-6-5 7 40 10 30 8 22 4 18 3 15 1 14 3 11 6 5 2 3 1 2 
2018-6-6 8 41 5 36 5 31 11 20 5 15 2 13 4 9 1 8 2 6 3 3 
2018-6-7 14 41 11 30 6 24 2 22 1 21 3 18 4 14 6 8 5 3 2 1 
2018-6-8 8 46 11 35 4 31 9 22 2 20 8 12 3 9 2 7 2 5 1 4 
2018-6-9 4 42 10 32 4 28 8 20 5 15 1 14 6 8 2 6 2 4 1 3 
2018-6-10 3 18 4 14 4 10 0 10 0 10 2 8 1 7 3 4 2 2 0 2 
2018-6-11 6 24 10 14 2 12 3 9 0 9 1 8 2 6 3 3 2 1 1 0 
2018-6-12 8 32 5 27 6 21 6 15 1 14 1 13 2 11 2 9 3 6 3 3 
2018-6-13 7 39 4 35 12 23 7 16 3 13 2 11 2 9 3 6 2 4 1 3 
2018-6-14 7 40 14 26 6 20 7 13 2 11 3 8 3 5 0 5 3 2 1 1 
2018-6-15 16 35 12 23 6 17 4 13 3 10 2 8 1 7 3 4 1 3 1 2 
2018-6-16 8 32 14 18 1 17 0 17 2 15 7 8 4 4 0 4 1 3 0 3 
2018-6-17 8 50 10 40 11 29 5 24 2 22 4 18 4 14 2 12 6 6 5 1 
2018-6-18 7 36 13 23 3 20 4 16 2 14 1 13 3 10 2 8 2 6 5 1 
2018-6-19 18 53 10 43 6 37 13 24 3 21 7 14 4 10 1 9 3 6 5 1 
2018-6-20 12 47 10 37 5 32 11 21 4 17 3 14 2 12 3 9 4 5 2 3 
2018-6-21 6 31 9 22 5 17 4 13 1 12 3 9 3 6 0 6 1 5 3 2 
2018-6-22 15 55 15 40 8 32 6 26 5 21 4 17 2 15 2 13 8 5 2 3 
2018-6-23 7 32 13 19 6 13 4 9 2 7 1 6 2 4 0 4 1 3 1 2 
2018-6-24 10 34 7 27 5 22 6 16 1 15 2 13 3 10 3 7 3 4 2 2 
2018-6-25 8 57 13 44 10 34 6 28 3 25 5 20 4 16 3 13 4 9 2 7 
2018-6-26 14 36 9 27 3 24 3 21 4 17 2 15 1 14 5 9 3 6 2 4 
2018-6-27 8 30 3 27 7 20 7 13 2 11 2 9 1 8 3 5 2 3 1 2 
2018-6-28 6 29 7 22 7 15 3 12 1 11 1 10 1 9 2 7 2 5 3 2 
2018-6-29 6 34 9 25 3 22 7 15 5 10 0 10 2 8 1 7 3 4 3 1 
2018-6-30 14 54 14 40 7 33 9 24 6 18 1 17 3 14 5 9 3 6 1 5 
2018-7-1 8 30 6 24 3 21 6 15 0 15 3 12 2 10 2 8 3 5 3 2 
2018-7-2 6 47 11 36 4 32 5 27 2 25 2 23 4 19 2 17 9 8 5 3 
2018-7-3 11 39 8 31 8 23 3 20 5 15 2 13 2 11 3 8 0 8 3 5 
2018-7-4 8 24 2 22 5 17 4 13 1 12 4 8 0 8 1 7 3 4 3 1 
2018-7-5 14 48 15 33 5 28 6 22 2 20 3 17 2 15 6 9 3 6 5 1 
2018-7-6 8 27 6 21 4 17 6 11 3 8 1 7 0 7 1 6 1 5 2 3 
2018-7-7 6 25 3 22 6 16 1 15 1 14 1 13 6 7 2 5 1 4 2 2 
2018-7-8 6 31 11 20 6 14 3 11 1 10 1 9 3 6 3 3 0 3 2 1 
2018-7-9 5 50 10 40 8 32 8 24 1 23 6 17 2 15 4 11 2 9 5 4 
2018-7-10 15 61 9 52 12 40 12 28 6 22 6 16 3 13 3 10 0 10 9 1 
2018-7-11 9 43 10 33 7 26 3 23 3 20 3 17 3 14 3 11 3 8 7 1 
2018-7-12 2 13 3 10 3 7 2 5 1 4 1 3 1 2 0 2 0 2 0 2 
2018-7-13 0 0 0 0 0 0 0 0 0 0 0 0 0 0 0 0 0 0 0 0 
2018-7-14 2 1 0 1 1 0 0 0 0 0 0 0 0 0 0 0 0 0 0 0 
2018-7-15 0 3 0 3 0 3 1 2 0 2 0 2 0 2 1 1 0 1 0 1 
2018-7-16 0 2 0 2 0 2 0 2 1 1 0 1 0 1 0 1 0 1 1 0 
2018-7-17 0 0 0 0 0 0 0 0 0 0 0 0 0 0 0 0 0 0 0 0 
2018-7-18 0 1 0 1 1 0 0 0 0 0 0 0 0 0 0 0 0 0 0 0 
2018-7-19 0 1 0 1 0 1 0 1 0 1 1 0 0 0 0 0 0 0 0 0 
2018-7-20 0 0 0 0 0 0 0 0 0 0 0 0 0 0 0 0 0 0 0 0 
2018-7-21 0 0 0 0 0 0 0 0 0 0 0 0 0 0 0 0 0 0 0 0 
2018-7-22 2 1 1 0 0 0 0 0 0 0 0 0 0 0 0 0 0 0 0 0 
2018-7-23 2 0 0 0 0 0 0 0 0 0 0 0 0 0 0 0 0 0 0 0 
2018-7-24 0 1 0 1 1 0 0 0 0 0 0 0 0 0 0 0 0 0 0 0 
2018-7-25 0 0 0 0 0 0 0 0 0 0 0 0 0 0 0 0 0 0 0 0 
2018-7-26 0 2 2 0 0 0 0 0 0 0 0 0 0 0 0 0 0 0 0 0 
2018-7-27 0 0 0 0 0 0 0 0 0 0 0 0 0 0 0 0 0 0 0 0 
2018-7-28 2 0 0 0 0 0 0 0 0 0 0 0 0 0 0 0 0 0 0 0 
2018-7-29 0 3 0 3 0 3 0 3 0 3 1 2 0 2 0 2 1 1 0 1 
2018-7-30 0 0 0 0 0 0 0 0 0 0 0 0 0 0 0 0 0 0 0 0 
2018-7-31 0 0 0 0 0 0 0 0 0 0 0 0 0 0 0 0 0 0 0 0 
