(set(['Germany']),_set(['Austria'])) (set(['Austria']),_set(['Germany'])) (set(['Spain']),_set(['Germany'])) (set(['Germany']),_set(['Spain'])) (set(['Germany']),_set(['States',_'United'])) (set(['Germany']),_set(['Switzerland'])) (set(['States',_'United']),_set(['Germany'])) (set(['Switzerland']),_set(['Germany'])) (set(['Germany']),_set(['Netherlands'])) (set(['Germany']),_set(['Italy'])) 
2017-11-21 0 0 0 0 0 0 0 0 0 0 0 0 0 0 0 0 0 0 0 0 
2017-11-22 0 1 0 1 0 1 0 1 0 1 0 1 0 1 0 1 0 1 1 0 
2017-11-23 0 1 1 0 0 0 0 0 0 0 0 0 0 0 0 0 0 0 0 0 
2017-11-24 1 4 2 2 0 2 0 2 0 2 2 0 0 0 0 0 0 0 0 0 
2017-11-25 1 1 0 1 0 1 0 1 0 1 0 1 1 0 0 0 0 0 0 0 
2017-11-26 1 4 2 2 1 1 0 1 0 1 0 1 1 0 0 0 0 0 0 0 
2017-11-27 0 3 0 3 2 1 0 1 0 1 0 1 0 1 0 1 0 1 0 1 
2017-11-28 0 9 0 9 2 7 0 7 1 6 0 6 0 6 1 5 2 3 0 3 
2017-11-29 0 9 1 8 3 5 1 4 0 4 1 3 1 2 1 1 1 0 0 0 
2017-11-30 0 7 0 7 0 7 1 6 0 6 1 5 2 3 3 0 0 0 0 0 
2017-12-1 0 8 0 8 0 8 2 6 1 5 1 4 2 2 0 2 0 2 0 2 
2017-12-2 1 8 0 8 1 7 1 6 2 4 0 4 3 1 0 1 0 1 0 1 
2017-12-3 3 12 0 12 1 11 0 11 3 8 2 6 2 4 1 3 2 1 0 1 
2017-12-4 0 9 2 7 2 5 1 4 1 3 0 3 0 3 2 1 0 1 0 1 
2017-12-5 1 9 3 6 2 4 0 4 0 4 1 3 0 3 2 1 0 1 0 1 
2017-12-6 1 5 0 5 1 4 0 4 0 4 1 3 0 3 0 3 2 1 1 0 
2017-12-7 1 8 3 5 1 4 0 4 1 3 0 3 0 3 1 2 2 0 0 0 
2017-12-8 1 11 1 10 2 8 1 7 2 5 1 4 3 1 0 1 1 0 0 0 
2017-12-9 1 10 0 10 3 7 0 7 0 7 0 7 2 5 1 4 0 4 0 4 
2017-12-10 1 13 3 10 2 8 0 8 2 6 0 6 3 3 2 1 0 1 0 1 
2017-12-11 4 8 0 8 3 5 0 5 1 4 1 3 2 1 1 0 0 0 0 0 
2017-12-12 1 3 0 3 0 3 1 2 2 0 0 0 0 0 0 0 0 0 0 0 
2017-12-13 1 4 0 4 2 2 0 2 0 2 0 2 1 1 1 0 0 0 0 0 
2017-12-14 1 6 0 6 3 3 0 3 0 3 0 3 1 2 1 1 0 1 0 1 
2017-12-15 0 2 1 1 0 1 0 1 0 1 0 1 0 1 0 1 0 1 1 0 
2017-12-16 2 11 4 7 1 6 2 4 1 3 0 3 3 0 0 0 0 0 0 0 
2017-12-17 2 6 0 6 1 5 2 3 0 3 1 2 0 2 1 1 0 1 1 0 
2017-12-18 0 8 1 7 2 5 1 4 0 4 0 4 2 2 1 1 0 1 0 1 
2017-12-19 3 11 1 10 1 9 3 6 0 6 2 4 0 4 3 1 0 1 1 0 
2017-12-20 1 18 3 15 3 12 1 11 0 11 5 6 3 3 0 3 2 1 0 1 
2017-12-21 1 10 3 7 1 6 0 6 0 6 0 6 3 3 0 3 1 2 0 2 
2017-12-22 0 18 3 15 2 13 2 11 1 10 3 7 1 6 2 4 1 3 2 1 
2017-12-23 0 6 1 5 1 4 1 3 0 3 1 2 0 2 1 1 1 0 0 0 
2017-12-24 0 5 0 5 1 4 1 3 2 1 0 1 1 0 0 0 0 0 0 0 
2017-12-25 0 4 0 4 1 3 1 2 0 2 0 2 0 2 0 2 1 1 0 1 
2017-12-26 6 12 1 11 1 10 1 9 1 8 2 6 0 6 1 5 2 3 2 1 
2017-12-27 3 10 2 8 0 8 1 7 0 7 1 6 2 4 4 0 0 0 0 0 
2017-12-28 5 11 2 9 1 8 1 7 0 7 1 6 0 6 2 4 1 3 0 3 
2017-12-29 1 13 2 11 0 11 2 9 2 7 3 4 0 4 1 3 2 1 0 1 
2017-12-30 0 7 0 7 0 7 2 5 3 2 0 2 1 1 1 0 0 0 0 0 
2017-12-31 2 9 2 7 1 6 0 6 0 6 1 5 1 4 3 1 0 1 1 0 
2018-1-1 0 0 0 0 0 0 0 0 0 0 0 0 0 0 0 0 0 0 0 0 
2018-1-2 0 0 0 0 0 0 0 0 0 0 0 0 0 0 0 0 0 0 0 0 
2018-1-3 0 0 0 0 0 0 0 0 0 0 0 0 0 0 0 0 0 0 0 0 
2018-1-4 0 0 0 0 0 0 0 0 0 0 0 0 0 0 0 0 0 0 0 0 
2018-1-5 0 0 0 0 0 0 0 0 0 0 0 0 0 0 0 0 0 0 0 0 
2018-1-6 1 7 2 5 1 4 0 4 0 4 0 4 2 2 1 1 1 0 0 0 
2018-1-7 1 2 1 1 0 1 1 0 0 0 0 0 0 0 0 0 0 0 0 0 
2018-1-8 1 9 2 7 1 6 2 4 1 3 0 3 0 3 0 3 0 3 1 2 
2018-1-9 0 10 3 7 2 5 1 4 1 3 0 3 2 1 1 0 0 0 0 0 
2018-1-10 1 8 1 7 3 4 1 3 1 2 1 1 0 1 1 0 0 0 0 0 
2018-1-11 2 12 3 9 1 8 1 7 2 5 2 3 1 2 0 2 1 1 1 0 
2018-1-12 2 12 4 8 0 8 3 5 0 5 1 4 0 4 0 4 2 2 0 2 
2018-1-13 1 19 4 15 1 14 2 12 6 6 1 5 3 2 0 2 1 1 0 1 
2018-1-14 1 13 0 13 3 10 2 8 1 7 3 4 1 3 1 2 1 1 0 1 
2018-1-15 2 13 4 9 1 8 2 6 2 4 2 2 0 2 1 1 0 1 0 1 
2018-1-16 3 14 1 13 3 10 0 10 0 10 5 5 1 4 2 2 1 1 0 1 
2018-1-17 1 12 1 11 1 10 0 10 2 8 2 6 1 5 2 3 2 1 0 1 
2018-1-18 1 9 1 8 0 8 1 7 3 4 1 3 0 3 1 2 1 1 0 1 
2018-1-19 1 13 4 9 2 7 1 6 0 6 1 5 2 3 1 2 1 1 0 1 
2018-1-20 4 14 3 11 2 9 2 7 0 7 2 5 2 3 0 3 1 2 0 2 
2018-1-21 4 6 0 6 0 6 2 4 0 4 0 4 0 4 1 3 1 2 2 0 
2018-1-22 2 8 1 7 2 5 1 4 0 4 0 4 2 2 0 2 1 1 1 0 
2018-1-23 5 15 1 14 2 12 2 10 3 7 1 6 1 5 0 5 1 4 3 1 
2018-1-24 4 3 0 3 0 3 0 3 1 2 1 1 0 1 0 1 0 1 1 0 
2018-1-25 0 4 2 2 0 2 0 2 1 1 0 1 0 1 0 1 0 1 1 0 
2018-1-26 11 15 2 13 3 10 3 7 1 6 1 5 0 5 1 4 2 2 0 2 
2018-1-27 4 11 0 11 1 10 3 7 2 5 0 5 1 4 2 2 2 0 0 0 
2018-1-28 2 8 3 5 2 3 1 2 0 2 0 2 0 2 2 0 0 0 0 0 
2018-1-29 1 9 1 8 2 6 0 6 3 3 2 1 1 0 0 0 0 0 0 0 
2018-1-30 0 9 1 8 2 6 1 5 0 5 1 4 1 3 1 2 1 1 1 0 
2018-1-31 1 7 2 5 1 4 1 3 0 3 0 3 0 3 0 3 2 1 0 1 
2018-2-1 0 8 4 4 0 4 1 3 0 3 0 3 2 1 0 1 0 1 1 0 
2018-2-2 2 18 2 16 3 13 0 13 4 9 4 5 3 2 0 2 0 2 1 1 
2018-2-3 1 13 6 7 2 5 1 4 1 3 0 3 1 2 0 2 1 1 0 1 
2018-2-4 1 14 4 10 1 9 0 9 1 8 2 6 2 4 2 2 0 2 0 2 
2018-2-5 4 6 1 5 0 5 1 4 1 3 0 3 0 3 1 2 1 1 0 1 
2018-2-6 1 4 0 4 1 3 0 3 2 1 0 1 0 1 0 1 0 1 1 0 
2018-2-7 0 6 3 3 0 3 0 3 0 3 1 2 0 2 1 1 0 1 0 1 
2018-2-8 1 2 1 1 0 1 0 1 0 1 0 1 1 0 0 0 0 0 0 0 
2018-2-9 2 11 3 8 1 7 0 7 1 6 1 5 0 5 2 3 1 2 0 2 
2018-2-10 1 13 3 10 3 7 0 7 1 6 2 4 1 3 1 2 1 1 1 0 
2018-2-11 4 7 3 4 1 3 0 3 0 3 0 3 1 2 1 1 1 0 0 0 
2018-2-12 0 5 1 4 0 4 0 4 0 4 1 3 0 3 0 3 1 2 2 0 
2018-2-13 0 7 3 4 1 3 0 3 1 2 0 2 1 1 1 0 0 0 0 0 
2018-2-14 2 6 0 6 0 6 1 5 2 3 1 2 0 2 1 1 1 0 0 0 
2018-2-15 3 4 3 1 0 1 0 1 0 1 0 1 0 1 1 0 0 0 0 0 
2018-2-16 0 11 2 9 3 6 0 6 0 6 0 6 2 4 0 4 1 3 2 1 
2018-2-17 1 11 5 6 1 5 1 4 1 3 0 3 0 3 1 2 0 2 0 2 
2018-2-18 0 5 1 4 0 4 1 3 1 2 1 1 0 1 0 1 0 1 0 1 
2018-2-19 1 6 2 4 1 3 1 2 0 2 1 1 0 1 1 0 0 0 0 0 
2018-2-20 1 3 1 2 0 2 1 1 0 1 0 1 0 1 0 1 0 1 0 1 
2018-2-21 4 16 5 11 0 11 3 8 1 7 1 6 2 4 0 4 1 3 2 1 
2018-2-22 2 14 4 10 4 6 2 4 0 4 2 2 1 1 0 1 0 1 0 1 
2018-2-23 1 6 0 6 2 4 3 1 0 1 0 1 0 1 1 0 0 0 0 0 
2018-2-24 2 14 6 8 1 7 2 5 0 5 2 3 1 2 1 1 0 1 1 0 
2018-2-25 2 8 1 7 1 6 1 5 0 5 2 3 0 3 3 0 0 0 0 0 
2018-2-26 1 4 1 3 0 3 0 3 0 3 0 3 1 2 0 2 0 2 0 2 
2018-2-27 2 10 2 8 2 6 0 6 2 4 0 4 0 4 2 2 1 1 0 1 
2018-2-28 3 10 2 8 0 8 2 6 1 5 1 4 3 1 0 1 0 1 1 0 
2018-3-1 2 6 2 4 2 2 0 2 0 2 2 0 0 0 0 0 0 0 0 0 
2018-3-2 2 12 3 9 2 7 0 7 1 6 2 4 1 3 1 2 1 1 0 1 
2018-3-3 4 10 0 10 1 9 0 9 1 8 2 6 0 6 3 3 2 1 1 0 
2018-3-4 3 19 4 15 2 13 2 11 2 9 1 8 5 3 0 3 2 1 1 0 
2018-3-5 5 7 0 7 0 7 1 6 0 6 3 3 0 3 1 2 0 2 1 1 
2018-3-6 3 12 3 9 0 9 2 7 1 6 3 3 0 3 1 2 1 1 0 1 
2018-3-7 5 2 0 2 2 0 0 0 0 0 0 0 0 0 0 0 0 0 0 0 
2018-3-8 0 7 3 4 0 4 1 3 1 2 0 2 2 0 0 0 0 0 0 0 
2018-3-9 2 5 2 3 1 2 0 2 1 1 0 1 0 1 0 1 0 1 0 1 
2018-3-10 1 2 0 2 1 1 0 1 0 1 0 1 0 1 1 0 0 0 0 0 
2018-3-11 2 8 1 7 2 5 1 4 0 4 1 3 0 3 2 1 0 1 0 1 
2018-3-12 8 7 1 6 0 6 2 4 1 3 1 2 0 2 0 2 0 2 0 2 
2018-3-13 1 8 1 7 1 6 1 5 2 3 0 3 1 2 1 1 1 0 0 0 
2018-3-14 3 9 1 8 4 4 1 3 0 3 1 2 0 2 0 2 0 2 1 1 
2018-3-15 0 8 1 7 2 5 1 4 2 2 1 1 0 1 0 1 0 1 1 0 
2018-3-16 3 6 1 5 3 2 0 2 1 1 0 1 0 1 0 1 0 1 0 1 
2018-3-17 5 12 0 12 1 11 4 7 0 7 4 3 0 3 2 1 0 1 1 0 
2018-3-18 2 11 2 9 2 7 2 5 1 4 1 3 0 3 1 2 1 1 1 0 
2018-3-19 2 7 0 7 0 7 0 7 1 6 1 5 2 3 0 3 0 3 2 1 
2018-3-20 3 8 5 3 2 1 0 1 0 1 1 0 0 0 0 0 0 0 0 0 
2018-3-21 1 7 1 6 1 5 0 5 0 5 1 4 2 2 0 2 0 2 1 1 
2018-3-22 0 11 1 10 3 7 1 6 0 6 1 5 0 5 3 2 0 2 1 1 
2018-3-23 4 6 0 6 3 3 1 2 0 2 1 1 0 1 0 1 1 0 0 0 
2018-3-24 5 10 3 7 1 6 2 4 0 4 1 3 0 3 0 3 3 0 0 0 
2018-3-25 2 19 7 12 4 8 2 6 0 6 0 6 3 3 2 1 0 1 1 0 
2018-3-26 2 12 1 11 1 10 1 9 0 9 1 8 0 8 3 5 2 3 2 1 
2018-3-27 6 14 2 12 2 10 4 6 1 5 1 4 1 3 0 3 1 2 1 1 
2018-3-28 0 9 1 8 3 5 2 3 0 3 0 3 0 3 0 3 0 3 3 0 
2018-3-29 4 16 2 14 2 12 3 9 3 6 3 3 0 3 2 1 0 1 1 0 
2018-3-30 5 10 1 9 0 9 0 9 1 8 2 6 1 5 1 4 0 4 4 0 
2018-3-31 1 13 2 11 2 9 0 9 1 8 1 7 1 6 0 6 3 3 3 0 
2018-4-1 3 7 0 7 0 7 1 6 0 6 1 5 2 3 0 3 2 1 1 0 
2018-4-2 0 2 1 1 0 1 1 0 0 0 0 0 0 0 0 0 0 0 0 0 
2018-4-3 0 1 0 1 1 0 0 0 0 0 0 0 0 0 0 0 0 0 0 0 
2018-4-4 0 11 0 11 1 10 2 8 1 7 1 6 0 6 0 6 2 4 2 2 
2018-4-5 1 18 1 17 3 14 4 10 2 8 3 5 1 4 1 3 1 2 1 1 
2018-4-6 1 9 2 7 1 6 0 6 2 4 1 3 0 3 1 2 0 2 1 1 
2018-4-7 2 9 3 6 1 5 0 5 1 4 1 3 0 3 0 3 1 2 0 2 
2018-4-8 0 5 2 3 0 3 1 2 2 0 0 0 0 0 0 0 0 0 0 0 
2018-4-9 0 4 0 4 0 4 0 4 2 2 0 2 1 1 0 1 1 0 0 0 
2018-4-10 0 4 1 3 0 3 0 3 1 2 0 2 1 1 0 1 0 1 0 1 
2018-4-11 0 0 0 0 0 0 0 0 0 0 0 0 0 0 0 0 0 0 0 0 
2018-4-12 0 5 0 5 2 3 0 3 0 3 0 3 1 2 0 2 0 2 1 1 
2018-4-13 0 5 1 4 0 4 2 2 0 2 0 2 0 2 0 2 1 1 1 0 
2018-4-14 1 5 1 4 0 4 2 2 0 2 0 2 0 2 0 2 2 0 0 0 
2018-4-15 1 7 1 6 0 6 2 4 3 1 0 1 1 0 0 0 0 0 0 0 
2018-4-16 1 16 0 16 3 13 4 9 2 7 1 6 1 5 0 5 3 2 1 1 
2018-4-17 2 18 4 14 1 13 6 7 2 5 0 5 2 3 0 3 2 1 1 0 
2018-4-18 0 20 2 18 2 16 3 13 4 9 2 7 3 4 1 3 2 1 0 1 
2018-4-19 0 17 0 17 0 17 4 13 4 9 1 8 2 6 2 4 2 2 1 1 
2018-4-20 0 7 0 7 1 6 2 4 1 3 0 3 1 2 0 2 1 1 1 0 
2018-4-21 1 18 1 17 2 15 4 11 1 10 1 9 0 9 3 6 2 4 3 1 
2018-4-22 0 8 1 7 2 5 0 5 1 4 1 3 0 3 0 3 1 2 2 0 
2018-4-23 0 9 1 8 1 7 0 7 4 3 0 3 1 2 1 1 1 0 0 0 
2018-4-24 1 8 1 7 0 7 1 6 3 3 1 2 0 2 0 2 1 1 0 1 
2018-4-25 0 3 0 3 0 3 2 1 0 1 0 1 0 1 0 1 1 0 0 0 
2018-4-26 1 6 0 6 1 5 0 5 0 5 0 5 1 4 0 4 3 1 1 0 
2018-4-27 2 16 0 16 2 14 3 11 2 9 0 9 1 8 1 7 2 5 4 1 
2018-4-28 2 13 0 13 1 12 3 9 2 7 0 7 0 7 3 4 2 2 2 0 
2018-4-29 1 8 0 8 3 5 1 4 0 4 0 4 0 4 0 4 3 1 1 0 
2018-4-30 1 12 3 9 0 9 1 8 2 6 0 6 1 5 1 4 2 2 2 0 
2018-5-1 1 14 0 14 1 13 3 10 1 9 1 8 1 7 1 6 1 5 5 0 
2018-5-2 0 8 2 6 0 6 1 5 2 3 1 2 1 1 0 1 1 0 0 0 
2018-5-3 1 13 1 12 0 12 4 8 3 5 2 3 1 2 1 1 0 1 1 0 
2018-5-4 1 17 1 16 1 15 3 12 4 8 2 6 2 4 1 3 1 2 2 0 
2018-5-5 1 8 0 8 1 7 3 4 0 4 0 4 0 4 1 3 2 1 1 0 
2018-5-6 1 9 1 8 1 7 4 3 1 2 0 2 0 2 0 2 0 2 1 1 
2018-5-7 0 0 0 0 0 0 0 0 0 0 0 0 0 0 0 0 0 0 0 0 
2018-5-8 0 0 0 0 0 0 0 0 0 0 0 0 0 0 0 0 0 0 0 0 
