(set(['de-DE,de;q=0.8,en-US;q=0.6,en;q=0.4']),_set(['de-DE,de;q=0.9,en-US;q=0.8,en;q=0.7'])) (set(['de-DE,de,en-US,en']),_set(['de-DE,de;q=0.8,en-US;q=0.6,en;q=0.4'])) (set(['de,en-US;q=0.7,en;q=0.3']),_set(['en-US,en;q=0.5'])) (set(['de,de-DE;q=0.8,en-US;q=0.5,en;q=0.3']),_set(['de-DE,de;q=0.8,en-US;q=0.5,en;q=0.3'])) (set(['en-US,en;q=0.5']),_set(['de,en-US;q=0.7,en;q=0.3'])) (set(['en-US,en;q=0.8']),_set(['en-US,en;q=0.9'])) (set(['de-DE']),_set(['de-DE,de;q=0.5'])) (set(['de-DE,de;q=0.9,en-US;q=0.8,en;q=0.7']),_set(['de-DE,de;q=0.8,en-US;q=0.6,en;q=0.4'])) (set(['de-DE,de;q=0.8,en-US;q=0.5,en;q=0.3']),_set(['de-DE'])) (set(['de-DE,de;q=0.5']),_set(['de-DE'])) 
2017-11-21 0 0 0 0 0 0 0 0 0 0 0 0 0 0 0 0 0 0 0 0 
2017-11-22 1 7 0 7 0 7 0 7 0 7 1 6 0 6 0 6 0 6 0 6 
2017-11-23 7 15 1 14 0 14 0 14 0 14 3 11 0 11 0 11 0 11 0 11 
2017-11-24 4 4 2 2 0 2 0 2 1 1 1 0 0 0 0 0 0 0 0 0 
2017-11-25 3 6 1 5 0 5 0 5 1 4 3 1 0 1 1 0 0 0 0 0 
2017-11-26 4 6 2 4 2 2 0 2 1 1 1 0 0 0 0 0 0 0 0 0 
2017-11-27 11 10 1 9 0 9 0 9 1 8 2 6 1 5 2 3 1 2 0 2 
2017-11-28 8 8 1 7 1 6 0 6 1 5 4 1 0 1 0 1 1 0 0 0 
2017-11-29 6 9 2 7 0 7 0 7 0 7 6 1 0 1 0 1 0 1 1 0 
2017-11-30 6 7 1 6 0 6 1 5 0 5 3 2 1 1 1 0 0 0 0 0 
2017-12-1 4 5 0 5 0 5 0 5 1 4 2 2 0 2 1 1 0 1 0 1 
2017-12-2 7 5 3 2 1 1 0 1 0 1 1 0 0 0 0 0 0 0 0 0 
2017-12-3 7 10 5 5 1 4 0 4 2 2 1 1 1 0 0 0 0 0 0 0 
2017-12-4 7 11 1 10 3 7 0 7 2 5 2 3 1 2 1 1 1 0 0 0 
2017-12-5 17 9 4 5 0 5 0 5 0 5 3 2 1 1 0 1 1 0 0 0 
2017-12-6 12 12 4 8 1 7 0 7 3 4 1 3 1 2 0 2 0 2 1 1 
2017-12-7 11 10 0 10 0 10 0 10 3 7 4 3 0 3 1 2 2 0 0 0 
2017-12-8 10 14 7 7 1 6 1 5 1 4 2 2 0 2 0 2 0 2 2 0 
2017-12-9 9 6 4 2 0 2 0 2 1 1 0 1 0 1 0 1 0 1 1 0 
2017-12-10 12 5 1 4 0 4 1 3 1 2 0 2 1 1 1 0 0 0 0 0 
2017-12-11 8 20 5 15 1 14 0 14 1 13 5 8 1 7 2 5 3 2 1 1 
2017-12-12 6 3 0 3 0 3 1 2 0 2 0 2 0 2 1 1 1 0 0 0 
2017-12-13 10 8 2 6 2 4 1 3 0 3 2 1 0 1 1 0 0 0 0 0 
2017-12-14 9 6 2 4 0 4 0 4 0 4 3 1 0 1 0 1 1 0 0 0 
2017-12-15 4 1 0 1 1 0 0 0 0 0 0 0 0 0 0 0 0 0 0 0 
2017-12-16 10 12 5 7 0 7 1 6 2 4 1 3 1 2 2 0 0 0 0 0 
2017-12-17 11 5 2 3 1 2 0 2 0 2 0 2 1 1 0 1 0 1 1 0 
2017-12-18 9 9 2 7 1 6 0 6 1 5 1 4 1 3 2 1 0 1 1 0 
2017-12-19 16 9 4 5 1 4 0 4 0 4 1 3 1 2 0 2 1 1 1 0 
2017-12-20 12 14 3 11 1 10 0 10 2 8 1 7 0 7 3 4 1 3 3 0 
2017-12-21 13 14 6 8 2 6 1 5 0 5 1 4 2 2 0 2 1 1 1 0 
2017-12-22 14 20 6 14 0 14 1 13 3 10 3 7 4 3 1 2 1 1 1 0 
2017-12-23 8 7 2 5 0 5 0 5 1 4 1 3 0 3 2 1 1 0 0 0 
2017-12-24 6 2 1 1 0 1 0 1 0 1 0 1 1 0 0 0 0 0 0 0 
2017-12-25 6 5 2 3 0 3 0 3 0 3 1 2 1 1 1 0 0 0 0 0 
2017-12-26 5 15 5 10 1 9 3 6 1 5 1 4 0 4 2 2 1 1 1 0 
2017-12-27 12 11 4 7 0 7 1 6 2 4 0 4 0 4 2 2 0 2 1 1 
2017-12-28 10 13 2 11 1 10 1 9 2 7 1 6 1 5 1 4 2 2 2 0 
2017-12-29 14 22 9 13 2 11 2 9 1 8 3 5 1 4 3 1 0 1 0 1 
2017-12-30 4 6 2 4 2 2 1 1 0 1 0 1 1 0 0 0 0 0 0 0 
2017-12-31 9 2 0 2 0 2 1 1 1 0 0 0 0 0 0 0 0 0 0 0 
2018-1-1 0 0 0 0 0 0 0 0 0 0 0 0 0 0 0 0 0 0 0 0 
2018-1-2 0 0 0 0 0 0 0 0 0 0 0 0 0 0 0 0 0 0 0 0 
2018-1-3 0 0 0 0 0 0 0 0 0 0 0 0 0 0 0 0 0 0 0 0 
2018-1-4 0 0 0 0 0 0 0 0 0 0 0 0 0 0 0 0 0 0 0 0 
2018-1-5 0 0 0 0 0 0 0 0 0 0 0 0 0 0 0 0 0 0 0 0 
2018-1-6 9 7 1 6 0 6 2 4 1 3 0 3 0 3 0 3 0 3 3 0 
2018-1-7 8 6 2 4 0 4 0 4 3 1 1 0 0 0 0 0 0 0 0 0 
2018-1-8 3 8 1 7 1 6 0 6 0 6 3 3 1 2 1 1 0 1 1 0 
2018-1-9 18 15 8 7 0 7 2 5 1 4 2 2 1 1 1 0 0 0 0 0 
2018-1-10 9 18 9 9 0 9 3 6 1 5 1 4 1 3 1 2 2 0 0 0 
2018-1-11 26 19 4 15 0 15 4 11 2 9 2 7 2 5 0 5 0 5 5 0 
2018-1-12 10 16 6 10 0 10 2 8 0 8 0 8 2 6 2 4 1 3 2 1 
2018-1-13 16 18 3 15 0 15 1 14 4 10 1 9 2 7 4 3 1 2 1 1 
2018-1-14 19 17 7 10 3 7 2 5 2 3 0 3 0 3 0 3 1 2 2 0 
2018-1-15 12 10 2 8 1 7 0 7 0 7 2 5 0 5 3 2 0 2 2 0 
2018-1-16 14 15 1 14 3 11 1 10 2 8 3 5 1 4 1 3 2 1 0 1 
2018-1-17 29 13 4 9 1 8 0 8 2 6 3 3 0 3 0 3 1 2 2 0 
2018-1-18 18 15 5 10 0 10 1 9 0 9 4 5 1 4 2 2 2 0 0 0 
2018-1-19 14 18 3 15 1 14 0 14 3 11 2 9 0 9 3 6 3 3 2 1 
2018-1-20 21 13 5 8 0 8 1 7 1 6 0 6 1 5 2 3 2 1 1 0 
2018-1-21 20 17 6 11 0 11 4 7 2 5 2 3 0 3 0 3 0 3 3 0 
2018-1-22 8 12 2 10 3 7 0 7 2 5 0 5 1 4 3 1 1 0 0 0 
2018-1-23 25 20 4 16 2 14 3 11 2 9 1 8 1 7 1 6 4 2 2 0 
2018-1-24 5 3 0 3 0 3 0 3 1 2 2 0 0 0 0 0 0 0 0 0 
2018-1-25 11 13 3 10 1 9 3 6 1 5 2 3 1 2 0 2 1 1 1 0 
2018-1-26 21 18 9 9 2 7 0 7 0 7 0 7 3 4 3 1 1 0 0 0 
2018-1-27 11 14 5 9 1 8 0 8 1 7 0 7 3 4 1 3 1 2 2 0 
2018-1-28 12 4 0 4 1 3 0 3 1 2 0 2 0 2 1 1 0 1 1 0 
2018-1-29 9 8 3 5 1 4 1 3 2 1 0 1 0 1 0 1 0 1 0 1 
2018-1-30 10 15 2 13 0 13 1 12 3 9 2 7 1 6 2 4 2 2 2 0 
2018-1-31 9 9 4 5 1 4 0 4 2 2 0 2 1 1 0 1 0 1 1 0 
2018-2-1 12 8 2 6 0 6 2 4 1 3 0 3 0 3 0 3 0 3 3 0 
2018-2-2 6 10 2 8 0 8 1 7 1 6 1 5 0 5 2 3 2 1 1 0 
2018-2-3 5 8 5 3 1 2 0 2 0 2 0 2 0 2 1 1 1 0 0 0 
2018-2-4 9 8 1 7 0 7 0 7 2 5 1 4 0 4 0 4 3 1 1 0 
2018-2-5 7 8 1 7 2 5 1 4 0 4 3 1 0 1 0 1 0 1 0 1 
2018-2-6 3 7 0 7 0 7 1 6 2 4 1 3 1 2 1 1 0 1 1 0 
2018-2-7 5 8 4 4 0 4 2 2 0 2 1 1 0 1 0 1 0 1 1 0 
2018-2-8 6 6 0 6 1 5 1 4 0 4 0 4 1 3 1 2 1 1 0 1 
2018-2-9 6 11 1 10 0 10 1 9 2 7 3 4 1 3 0 3 1 2 1 1 
2018-2-10 12 3 1 2 1 1 0 1 0 1 0 1 1 0 0 0 0 0 0 0 
2018-2-11 9 7 3 4 0 4 0 4 2 2 0 2 1 1 1 0 0 0 0 0 
2018-2-12 5 3 0 3 0 3 1 2 2 0 0 0 0 0 0 0 0 0 0 0 
2018-2-13 4 6 0 6 1 5 1 4 0 4 1 3 1 2 1 1 0 1 1 0 
2018-2-14 2 4 1 3 0 3 1 2 0 2 0 2 1 1 1 0 0 0 0 0 
2018-2-15 3 9 3 6 0 6 1 5 2 3 1 2 0 2 0 2 1 1 1 0 
2018-2-16 5 3 1 2 0 2 0 2 1 1 0 1 0 1 0 1 1 0 0 0 
2018-2-17 3 6 1 5 1 4 1 3 2 1 0 1 0 1 0 1 0 1 1 0 
2018-2-18 1 4 0 4 1 3 2 1 0 1 0 1 0 1 1 0 0 0 0 0 
2018-2-19 6 5 1 4 0 4 1 3 2 1 0 1 1 0 0 0 0 0 0 0 
2018-2-20 4 1 0 1 0 1 0 1 0 1 1 0 0 0 0 0 0 0 0 0 
2018-2-21 17 18 4 14 1 13 2 11 1 10 4 6 4 2 0 2 0 2 1 1 
2018-2-22 7 16 4 12 2 10 2 8 0 8 2 6 2 4 0 4 2 2 1 1 
2018-2-23 17 10 2 8 2 6 2 4 1 3 0 3 2 1 0 1 1 0 0 0 
2018-2-24 15 9 3 6 0 6 2 4 0 4 1 3 0 3 2 1 1 0 0 0 
2018-2-25 6 9 2 7 1 6 2 4 0 4 1 3 0 3 1 2 1 1 1 0 
2018-2-26 7 9 1 8 3 5 1 4 0 4 0 4 2 2 1 1 0 1 1 0 
2018-2-27 12 4 0 4 0 4 0 4 2 2 1 1 1 0 0 0 0 0 0 0 
2018-2-28 9 12 1 11 2 9 2 7 2 5 2 3 2 1 0 1 1 0 0 0 
2018-3-1 7 8 2 6 1 5 1 4 1 3 1 2 0 2 0 2 1 1 1 0 
2018-3-2 9 4 0 4 0 4 1 3 1 2 0 2 0 2 1 1 0 1 0 1 
2018-3-3 6 5 0 5 1 4 1 3 0 3 0 3 0 3 0 3 0 3 2 1 
2018-3-4 8 11 3 8 2 6 1 5 2 3 0 3 3 0 0 0 0 0 0 0 
2018-3-5 11 13 2 11 3 8 0 8 3 5 1 4 0 4 0 4 1 3 1 2 
2018-3-6 11 7 1 6 0 6 1 5 1 4 2 2 0 2 0 2 0 2 2 0 
2018-3-7 2 13 4 9 2 7 4 3 0 3 2 1 1 0 0 0 0 0 0 0 
2018-3-8 7 7 0 7 1 6 1 5 2 3 0 3 1 2 0 2 1 1 0 1 
2018-3-9 10 8 2 6 2 4 0 4 0 4 1 3 1 2 0 2 0 2 2 0 
2018-3-10 5 5 1 4 2 2 1 1 1 0 0 0 0 0 0 0 0 0 0 0 
2018-3-11 3 12 6 6 0 6 0 6 2 4 0 4 1 3 1 2 1 1 1 0 
2018-3-12 3 8 2 6 1 5 1 4 0 4 2 2 1 1 0 1 0 1 1 0 
2018-3-13 4 6 0 6 0 6 0 6 4 2 1 1 0 1 0 1 1 0 0 0 
2018-3-14 1 6 1 5 0 5 2 3 1 2 0 2 1 1 1 0 0 0 0 0 
2018-3-15 5 9 1 8 2 6 1 5 1 4 0 4 1 3 1 2 1 1 1 0 
2018-3-16 8 15 3 12 4 8 1 7 2 5 2 3 2 1 0 1 1 0 0 0 
2018-3-17 9 14 3 11 7 4 1 3 0 3 1 2 1 1 0 1 0 1 1 0 
2018-3-18 4 9 1 8 5 3 1 2 0 2 2 0 0 0 0 0 0 0 0 0 
2018-3-19 4 11 1 10 6 4 2 2 0 2 0 2 1 1 0 1 0 1 0 1 
2018-3-20 9 12 1 11 4 7 2 5 3 2 0 2 1 1 0 1 0 1 0 1 
2018-3-21 2 4 0 4 0 4 1 3 1 2 1 1 0 1 0 1 1 0 0 0 
2018-3-22 7 10 2 8 2 6 2 4 0 4 1 3 2 1 0 1 0 1 0 1 
2018-3-23 2 5 2 3 1 2 1 1 0 1 0 1 0 1 0 1 0 1 0 1 
2018-3-24 4 12 3 9 1 8 1 7 1 6 0 6 1 5 1 4 2 2 1 1 
2018-3-25 6 8 0 8 4 4 1 3 0 3 0 3 0 3 0 3 1 2 1 1 
2018-3-26 5 7 1 6 2 4 1 3 0 3 2 1 0 1 0 1 0 1 1 0 
2018-3-27 5 10 1 9 5 4 0 4 1 3 1 2 0 2 1 1 0 1 0 1 
2018-3-28 1 5 1 4 1 3 2 1 0 1 0 1 0 1 0 1 0 1 0 1 
2018-3-29 4 10 2 8 5 3 0 3 0 3 0 3 0 3 1 2 0 2 2 0 
2018-3-30 4 13 1 12 4 8 3 5 1 4 2 2 0 2 0 2 0 2 0 2 
2018-3-31 3 7 2 5 2 3 0 3 0 3 1 2 0 2 2 0 0 0 0 0 
2018-4-1 5 9 1 8 3 5 2 3 2 1 0 1 1 0 0 0 0 0 0 0 
2018-4-2 0 6 1 5 1 4 1 3 1 2 0 2 2 0 0 0 0 0 0 0 
2018-4-3 4 2 0 2 1 1 0 1 0 1 0 1 1 0 0 0 0 0 0 0 
2018-4-4 3 11 3 8 2 6 0 6 2 4 1 3 0 3 2 1 1 0 0 0 
2018-4-5 9 12 3 9 2 7 3 4 0 4 0 4 0 4 0 4 1 3 2 1 
2018-4-6 6 13 4 9 3 6 1 5 2 3 0 3 0 3 2 1 1 0 0 0 
2018-4-7 6 8 3 5 2 3 2 1 0 1 0 1 0 1 0 1 0 1 1 0 
2018-4-8 1 6 3 3 1 2 0 2 2 0 0 0 0 0 0 0 0 0 0 0 
2018-4-9 5 3 1 2 0 2 1 1 1 0 0 0 0 0 0 0 0 0 0 0 
2018-4-10 4 4 0 4 1 3 2 1 0 1 0 1 0 1 0 1 1 0 0 0 
2018-4-11 2 2 0 2 0 2 0 2 1 1 0 1 0 1 0 1 0 1 1 0 
2018-4-12 3 7 1 6 1 5 1 4 2 2 0 2 0 2 0 2 1 1 1 0 
2018-4-13 3 3 0 3 0 3 2 1 1 0 0 0 0 0 0 0 0 0 0 0 
2018-4-14 1 7 1 6 2 4 1 3 1 2 0 2 0 2 0 2 0 2 2 0 
2018-4-15 4 6 0 6 1 5 3 2 0 2 0 2 1 1 1 0 0 0 0 0 
2018-4-16 10 14 3 11 3 8 0 8 2 6 1 5 0 5 2 3 1 2 1 1 
2018-4-17 5 7 1 6 2 4 1 3 2 1 0 1 0 1 0 1 0 1 0 1 
2018-4-18 9 16 4 12 3 9 2 7 4 3 1 2 1 1 0 1 1 0 0 0 
2018-4-19 13 16 4 12 2 10 3 7 1 6 0 6 1 5 1 4 1 3 2 1 
2018-4-20 14 21 3 18 7 11 0 11 1 10 0 10 3 7 1 6 0 6 4 2 
2018-4-21 8 7 2 5 2 3 0 3 0 3 0 3 1 2 2 0 0 0 0 0 
2018-4-22 6 7 3 4 1 3 1 2 0 2 0 2 1 1 1 0 0 0 0 0 
2018-4-23 9 8 0 8 2 6 1 5 0 5 2 3 1 2 0 2 1 1 0 1 
2018-4-24 4 13 2 11 5 6 2 4 2 2 0 2 0 2 1 1 1 0 0 0 
2018-4-25 10 9 1 8 3 5 3 2 0 2 0 2 0 2 0 2 1 1 0 1 
2018-4-26 6 11 4 7 2 5 3 2 0 2 0 2 0 2 0 2 0 2 2 0 
2018-4-27 11 17 2 15 6 9 1 8 2 6 0 6 3 3 1 2 1 1 0 1 
2018-4-28 8 4 2 2 0 2 0 2 0 2 0 2 1 1 1 0 0 0 0 0 
2018-4-29 2 2 0 2 0 2 1 1 0 1 0 1 0 1 0 1 0 1 1 0 
2018-4-30 1 6 2 4 1 3 2 1 1 0 0 0 0 0 0 0 0 0 0 0 
2018-5-1 7 8 1 7 1 6 1 5 2 3 0 3 1 2 1 1 1 0 0 0 
2018-5-2 3 7 4 3 1 2 0 2 1 1 0 1 0 1 0 1 0 1 1 0 
2018-5-3 8 9 1 8 1 7 2 5 2 3 0 3 0 3 1 2 1 1 0 1 
2018-5-4 7 10 0 10 3 7 2 5 1 4 0 4 1 3 1 2 1 1 1 0 
2018-5-5 4 7 1 6 2 4 0 4 0 4 0 4 0 4 2 2 1 1 1 0 
2018-5-6 5 7 3 4 1 3 0 3 1 2 0 2 0 2 0 2 2 0 0 0 
2018-5-7 9 6 0 6 2 4 0 4 0 4 0 4 1 3 2 1 0 1 1 0 
2018-5-8 6 38 1 37 0 37 0 37 1 36 0 36 0 36 0 36 0 36 0 36 
2018-5-9 7 7 0 7 1 6 2 4 1 3 0 3 0 3 1 2 1 1 0 1 
2018-5-10 6 13 3 10 2 8 3 5 3 2 0 2 1 1 0 1 1 0 0 0 
2018-5-11 1 4 0 4 0 4 2 2 0 2 0 2 1 1 0 1 1 0 0 0 
2018-5-12 4 7 2 5 0 5 0 5 0 5 0 5 3 2 0 2 0 2 2 0 
2018-5-13 4 7 1 6 1 5 0 5 1 4 0 4 0 4 0 4 3 1 1 0 
2018-5-14 9 11 1 10 5 5 1 4 2 2 0 2 1 1 0 1 0 1 0 1 
2018-5-15 6 21 1 20 14 6 2 4 2 2 0 2 0 2 0 2 1 1 1 0 
2018-5-16 6 19 1 18 11 7 2 5 2 3 0 3 1 2 0 2 1 1 0 1 
2018-5-17 1 6 1 5 4 1 0 1 0 1 0 1 0 1 0 1 1 0 0 0 
2018-5-18 4 17 0 17 12 5 1 4 2 2 0 2 1 1 0 1 1 0 0 0 
2018-5-19 6 10 0 10 3 7 2 5 1 4 0 4 2 2 1 1 1 0 0 0 
2018-5-20 3 9 1 8 7 1 0 1 0 1 0 1 0 1 0 1 1 0 0 0 
2018-5-21 1 8 3 5 3 2 1 1 0 1 0 1 0 1 0 1 0 1 1 0 
2018-5-22 4 10 3 7 6 1 0 1 0 1 1 0 0 0 0 0 0 0 0 0 
2018-5-23 1 4 0 4 2 2 0 2 0 2 0 2 0 2 1 1 1 0 0 0 
2018-5-24 4 4 1 3 1 2 0 2 0 2 1 1 0 1 1 0 0 0 0 0 
2018-5-25 6 7 2 5 4 1 1 0 0 0 0 0 0 0 0 0 0 0 0 0 
2018-5-26 5 8 0 8 3 5 1 4 1 3 0 3 0 3 1 2 1 1 1 0 
2018-5-27 4 7 2 5 0 5 1 4 0 4 0 4 0 4 1 3 3 0 0 0 
2018-5-28 9 7 1 6 5 1 1 0 0 0 0 0 0 0 0 0 0 0 0 0 
2018-5-29 1 7 0 7 6 1 0 1 1 0 0 0 0 0 0 0 0 0 0 0 
2018-5-30 6 5 0 5 3 2 2 0 0 0 0 0 0 0 0 0 0 0 0 0 
2018-5-31 4 13 0 13 9 4 0 4 1 3 0 3 0 3 1 2 1 1 1 0 
2018-6-1 6 7 0 7 4 3 2 1 1 0 0 0 0 0 0 0 0 0 0 0 
2018-6-2 4 10 2 8 4 4 0 4 1 3 0 3 2 1 0 1 0 1 0 1 
2018-6-3 7 9 0 9 5 4 0 4 1 3 0 3 2 1 1 0 0 0 0 0 
2018-6-4 4 11 1 10 6 4 1 3 1 2 0 2 0 2 1 1 1 0 0 0 
2018-6-5 9 11 3 8 4 4 1 3 1 2 0 2 0 2 2 0 0 0 0 0 
2018-6-6 6 12 1 11 4 7 2 5 2 3 0 3 2 1 0 1 1 0 0 0 
2018-6-7 3 9 2 7 4 3 1 2 2 0 0 0 0 0 0 0 0 0 0 0 
2018-6-8 6 13 3 10 6 4 2 2 1 1 0 1 1 0 0 0 0 0 0 0 
2018-6-9 4 6 2 4 4 0 0 0 0 0 0 0 0 0 0 0 0 0 0 0 
2018-6-10 4 4 1 3 1 2 0 2 2 0 0 0 0 0 0 0 0 0 0 0 
2018-6-11 3 5 2 3 0 3 1 2 1 1 0 1 1 0 0 0 0 0 0 0 
2018-6-12 6 8 0 8 4 4 1 3 0 3 0 3 0 3 2 1 1 0 0 0 
2018-6-13 5 8 1 7 3 4 0 4 1 3 0 3 0 3 3 0 0 0 0 0 
2018-6-14 3 7 1 6 1 5 2 3 0 3 0 3 1 2 0 2 1 1 1 0 
2018-6-15 3 7 0 7 3 4 3 1 0 1 0 1 0 1 0 1 0 1 0 1 
2018-6-16 5 10 0 10 7 3 0 3 1 2 0 2 1 1 0 1 0 1 0 1 
2018-6-17 3 10 1 9 4 5 3 2 1 1 0 1 0 1 0 1 0 1 1 0 
2018-6-18 5 9 0 9 5 4 1 3 1 2 0 2 0 2 2 0 0 0 0 0 
2018-6-19 3 6 0 6 1 5 0 5 2 3 1 2 1 1 1 0 0 0 0 0 
2018-6-20 1 9 1 8 3 5 1 4 1 3 0 3 0 3 2 1 1 0 0 0 
2018-6-21 3 6 0 6 1 5 0 5 2 3 0 3 1 2 0 2 1 1 1 0 
2018-6-22 4 15 1 14 9 5 1 4 1 3 0 3 2 1 0 1 1 0 0 0 
2018-6-23 4 4 0 4 2 2 1 1 0 1 0 1 1 0 0 0 0 0 0 0 
2018-6-24 6 9 3 6 0 6 0 6 0 6 0 6 2 4 0 4 0 4 2 2 
2018-6-25 3 12 3 9 2 7 2 5 0 5 0 5 2 3 0 3 3 0 0 0 
2018-6-26 3 9 3 6 1 5 0 5 1 4 0 4 0 4 0 4 3 1 0 1 
2018-6-27 3 6 0 6 1 5 3 2 1 1 0 1 0 1 0 1 1 0 0 0 
2018-6-28 2 2 1 1 0 1 1 0 0 0 0 0 0 0 0 0 0 0 0 0 
2018-6-29 1 13 3 10 3 7 5 2 1 1 0 1 0 1 0 1 1 0 0 0 
2018-6-30 8 7 0 7 1 6 2 4 0 4 1 3 1 2 1 1 1 0 0 0 
2018-7-1 3 11 3 8 2 6 1 5 3 2 0 2 1 1 1 0 0 0 0 0 
2018-7-2 3 6 0 6 2 4 1 3 0 3 1 2 0 2 0 2 2 0 0 0 
2018-7-3 2 5 0 5 2 3 0 3 1 2 0 2 2 0 0 0 0 0 0 0 
2018-7-4 2 8 2 6 3 3 1 2 0 2 1 1 0 1 0 1 1 0 0 0 
2018-7-5 2 4 3 1 0 1 0 1 0 1 0 1 0 1 0 1 1 0 0 0 
2018-7-6 4 10 0 10 5 5 0 5 0 5 0 5 1 4 1 3 1 2 2 0 
2018-7-7 1 6 1 5 3 2 0 2 0 2 0 2 0 2 1 1 0 1 1 0 
2018-7-8 4 3 2 1 1 0 0 0 0 0 0 0 0 0 0 0 0 0 0 0 
2018-7-9 2 8 1 7 1 6 0 6 1 5 1 4 1 3 1 2 1 1 1 0 
2018-7-10 4 9 2 7 0 7 1 6 0 6 0 6 1 5 2 3 1 2 2 0 
2018-7-11 3 5 0 5 2 3 0 3 0 3 1 2 1 1 1 0 0 0 0 0 
2018-7-12 0 0 0 0 0 0 0 0 0 0 0 0 0 0 0 0 0 0 0 0 
2018-7-13 0 1 0 1 1 0 0 0 0 0 0 0 0 0 0 0 0 0 0 0 
2018-7-14 0 0 0 0 0 0 0 0 0 0 0 0 0 0 0 0 0 0 0 0 
2018-7-15 0 0 0 0 0 0 0 0 0 0 0 0 0 0 0 0 0 0 0 0 
2018-7-16 0 1 0 1 1 0 0 0 0 0 0 0 0 0 0 0 0 0 0 0 
2018-7-17 0 0 0 0 0 0 0 0 0 0 0 0 0 0 0 0 0 0 0 0 
2018-7-18 0 1 0 1 0 1 0 1 1 0 0 0 0 0 0 0 0 0 0 0 
2018-7-19 0 0 0 0 0 0 0 0 0 0 0 0 0 0 0 0 0 0 0 0 
2018-7-20 0 0 0 0 0 0 0 0 0 0 0 0 0 0 0 0 0 0 0 0 
2018-7-21 0 0 0 0 0 0 0 0 0 0 0 0 0 0 0 0 0 0 0 0 
2018-7-22 0 0 0 0 0 0 0 0 0 0 0 0 0 0 0 0 0 0 0 0 
2018-7-23 0 0 0 0 0 0 0 0 0 0 0 0 0 0 0 0 0 0 0 0 
2018-7-24 0 0 0 0 0 0 0 0 0 0 0 0 0 0 0 0 0 0 0 0 
2018-7-25 0 0 0 0 0 0 0 0 0 0 0 0 0 0 0 0 0 0 0 0 
2018-7-26 0 0 0 0 0 0 0 0 0 0 0 0 0 0 0 0 0 0 0 0 
2018-7-27 0 0 0 0 0 0 0 0 0 0 0 0 0 0 0 0 0 0 0 0 
2018-7-28 0 0 0 0 0 0 0 0 0 0 0 0 0 0 0 0 0 0 0 0 
