(set(['Content',_'Decryption',_'Client~Widevine',_'Module']),_set(['Client'])) (set(['Shockwave',_'Flash']),_set([''])) (set(['']),_set(['Shockwave',_'Flash'])) (set(['handler~Widevine']),_set(['handler~Shockwave',_'Flash~Widevine'])) (set(['Client~Widevine']),_set(['Client~Shockwave',_'Flash~Widevine'])) (set(['Flash',_'Viewer~Shockwave']),_set(['Viewer'])) (set(['WebKitintegrierte']),_set(['Shockwave',_'Flash~WebKitintegrierte'])) (set(['Shockwave',_'Flash~WebKitintegrierte']),_set(['WebKitintegrierte'])) (set(['Client~Shockwave',_'Flash~Widevine']),_set(['Client~Widevine'])) (set([]),_set(['Flash~Shockwave'])) 
2017-11-21 0 0 0 0 0 0 0 0 0 0 0 0 0 0 0 0 0 0 0 0 
2017-11-22 0 20 4 16 0 16 1 15 9 6 1 5 0 5 0 5 4 1 1 0 
2017-11-23 0 26 11 15 4 11 0 11 5 6 2 4 0 4 0 4 4 0 0 0 
2017-11-24 0 17 7 10 1 9 0 9 4 5 1 4 0 4 2 2 2 0 0 0 
2017-11-25 0 22 12 10 3 7 0 7 5 2 1 1 0 1 0 1 1 0 0 0 
2017-11-26 0 22 12 10 2 8 0 8 6 2 0 2 2 0 0 0 0 0 0 0 
2017-11-27 0 40 15 25 5 20 2 18 9 9 2 7 1 6 3 3 2 1 1 0 
2017-11-28 0 25 7 18 4 14 0 14 10 4 1 3 2 1 1 0 0 0 0 0 
2017-11-29 0 37 14 23 7 16 0 16 5 11 2 9 1 8 2 6 4 2 0 2 
2017-11-30 0 32 10 22 9 13 0 13 9 4 1 3 0 3 2 1 0 1 0 1 
2017-12-1 0 39 20 19 5 14 0 14 7 7 1 6 0 6 1 5 3 2 0 2 
2017-12-2 0 22 11 11 5 6 0 6 3 3 2 1 0 1 1 0 0 0 0 0 
2017-12-3 0 20 9 11 4 7 0 7 1 6 2 4 0 4 2 2 1 1 0 1 
2017-12-4 0 30 12 18 6 12 0 12 7 5 1 4 0 4 1 3 1 2 1 1 
2017-12-5 0 61 24 37 16 21 0 21 9 12 3 9 0 9 5 4 1 3 0 3 
2017-12-6 0 33 12 21 7 14 0 14 5 9 2 7 0 7 3 4 3 1 0 1 
2017-12-7 0 23 8 15 6 9 0 9 5 4 1 3 1 2 1 1 1 0 0 0 
2017-12-8 0 35 12 23 12 11 0 11 5 6 0 6 0 6 2 4 1 3 0 3 
2017-12-9 0 35 12 23 13 10 0 10 4 6 2 4 1 3 1 2 1 1 0 1 
2017-12-10 0 29 10 19 7 12 1 11 5 6 2 4 0 4 2 2 1 1 0 1 
2017-12-11 0 44 15 29 8 21 0 21 11 10 2 8 1 7 4 3 2 1 0 1 
2017-12-12 0 25 9 16 6 10 0 10 5 5 0 5 2 3 1 2 1 1 0 1 
2017-12-13 0 33 7 26 8 18 1 17 3 14 1 13 11 2 1 1 0 1 1 0 
2017-12-14 0 26 11 15 3 12 0 12 4 8 1 7 2 5 3 2 1 1 0 1 
2017-12-15 0 15 7 8 2 6 0 6 0 6 2 4 3 1 1 0 0 0 0 0 
2017-12-16 0 39 13 26 7 19 0 19 3 16 1 15 9 6 2 4 2 2 1 1 
2017-12-17 0 19 5 14 4 10 0 10 1 9 1 8 4 4 4 0 0 0 0 0 
2017-12-18 0 41 12 29 12 17 0 17 3 14 5 9 1 8 1 7 3 4 2 2 
2017-12-19 0 45 20 25 7 18 0 18 4 14 2 12 3 9 5 4 2 2 0 2 
2017-12-20 0 65 17 48 18 30 0 30 0 30 5 25 7 18 11 7 2 5 2 3 
2017-12-21 0 55 20 35 7 28 0 28 4 24 9 15 4 11 5 6 2 4 1 3 
2017-12-22 0 54 24 30 9 21 0 21 4 17 3 14 3 11 3 8 1 7 3 4 
2017-12-23 0 43 15 28 11 17 0 17 6 11 4 7 1 6 5 1 0 1 1 0 
2017-12-24 0 12 4 8 3 5 0 5 1 4 1 3 2 1 1 0 0 0 0 0 
2017-12-25 0 18 9 9 4 5 0 5 1 4 3 1 0 1 0 1 1 0 0 0 
2017-12-26 0 51 26 25 6 19 1 18 1 17 10 7 1 6 5 1 1 0 0 0 
2017-12-27 0 26 10 16 10 6 0 6 2 4 1 3 0 3 0 3 1 2 1 1 
2017-12-28 0 61 26 35 12 23 0 23 7 16 9 7 1 6 5 1 0 1 0 1 
2017-12-29 0 63 24 39 13 26 1 25 5 20 9 11 0 11 6 5 3 2 1 1 
2017-12-30 0 29 15 14 5 9 0 9 3 6 1 5 1 4 3 1 1 0 0 0 
2017-12-31 0 17 5 12 7 5 0 5 1 4 0 4 0 4 1 3 1 2 1 1 
2018-1-1 0 0 0 0 0 0 0 0 0 0 0 0 0 0 0 0 0 0 0 0 
2018-1-2 0 0 0 0 0 0 0 0 0 0 0 0 0 0 0 0 0 0 0 0 
2018-1-3 0 0 0 0 0 0 0 0 0 0 0 0 0 0 0 0 0 0 0 0 
2018-1-4 0 0 0 0 0 0 0 0 0 0 0 0 0 0 0 0 0 0 0 0 
2018-1-5 0 0 0 0 0 0 0 0 0 0 0 0 0 0 0 0 0 0 0 0 
2018-1-6 0 26 14 12 7 5 0 5 1 4 3 1 0 1 1 0 0 0 0 0 
2018-1-7 0 33 13 20 6 14 0 14 1 13 5 8 1 7 3 4 1 3 0 3 
2018-1-8 0 30 15 15 8 7 0 7 3 4 1 3 0 3 1 2 0 2 1 1 
2018-1-9 0 70 25 45 10 35 0 35 3 32 14 18 10 8 4 4 1 3 3 0 
2018-1-10 0 70 17 53 13 40 0 40 10 30 3 27 16 11 3 8 3 5 3 2 
2018-1-11 0 71 20 51 15 36 0 36 2 34 4 30 13 17 4 13 3 10 7 3 
2018-1-12 0 75 21 54 16 38 0 38 6 32 13 19 11 8 1 7 3 4 4 0 
2018-1-13 0 84 29 55 21 34 0 34 1 33 12 21 12 9 1 8 2 6 5 1 
2018-1-14 0 55 24 31 10 21 0 21 2 19 4 15 6 9 3 6 0 6 4 2 
2018-1-15 0 59 20 39 10 29 0 29 6 23 2 21 8 13 4 9 1 8 3 5 
2018-1-16 0 58 16 42 10 32 0 32 10 22 7 15 5 10 5 5 2 3 3 0 
2018-1-17 0 80 37 43 14 29 0 29 5 24 4 20 2 18 9 9 1 8 8 0 
2018-1-18 0 54 20 34 18 16 0 16 5 11 1 10 0 10 3 7 4 3 2 1 
2018-1-19 0 86 31 55 21 34 0 34 6 28 7 21 5 16 7 9 4 5 3 2 
2018-1-20 0 66 23 43 17 26 0 26 1 25 14 11 1 10 8 2 0 2 1 1 
2018-1-21 0 56 17 39 13 26 0 26 4 22 10 12 4 8 5 3 2 1 0 1 
2018-1-22 0 42 14 28 11 17 0 17 4 13 4 9 1 8 3 5 1 4 2 2 
2018-1-23 0 72 21 51 21 30 1 29 7 22 9 13 3 10 7 3 0 3 0 3 
2018-1-24 0 31 10 21 6 15 1 14 5 9 7 2 0 2 1 1 1 0 0 0 
2018-1-25 0 55 21 34 12 22 0 22 8 14 6 8 3 5 3 2 1 1 1 0 
2018-1-26 0 71 27 44 18 26 0 26 5 21 7 14 2 12 6 6 1 5 4 1 
2018-1-27 0 68 18 50 23 27 0 27 5 22 9 13 1 12 5 7 5 2 2 0 
2018-1-28 0 48 21 27 11 16 0 16 5 11 6 5 2 3 1 2 1 1 0 1 
2018-1-29 0 44 18 26 4 22 0 22 5 17 7 10 1 9 3 6 4 2 1 1 
2018-1-30 0 43 11 32 12 20 0 20 10 10 7 3 0 3 1 2 0 2 0 2 
2018-1-31 0 39 9 30 5 25 0 25 4 21 15 6 1 5 3 2 0 2 1 1 
2018-2-1 0 27 5 22 8 14 0 14 7 7 2 5 0 5 2 3 2 1 0 1 
2018-2-2 0 38 8 30 10 20 1 19 7 12 4 8 0 8 3 5 4 1 0 1 
2018-2-3 0 45 19 26 11 15 0 15 1 14 2 12 0 12 7 5 2 3 2 1 
2018-2-4 0 50 19 31 13 18 0 18 3 15 10 5 0 5 3 2 2 0 0 0 
2018-2-5 0 36 11 25 10 15 0 15 8 7 3 4 0 4 0 4 3 1 0 1 
2018-2-6 0 35 6 29 10 19 0 19 7 12 1 11 6 5 1 4 2 2 2 0 
2018-2-7 0 29 5 24 6 18 0 18 5 13 5 8 2 6 1 5 3 2 2 0 
2018-2-8 0 36 9 27 3 24 0 24 7 17 6 11 6 5 1 4 1 3 3 0 
2018-2-9 0 43 8 35 7 28 0 28 7 21 2 19 6 13 4 9 1 8 3 5 
2018-2-10 0 34 12 22 3 19 5 14 5 9 3 6 2 4 0 4 2 2 2 0 
2018-2-11 0 38 12 26 8 18 0 18 2 16 5 11 5 6 0 6 2 4 1 3 
2018-2-12 0 24 3 21 6 15 2 13 3 10 0 10 2 8 2 6 1 5 4 1 
2018-2-13 0 33 11 22 3 19 0 19 5 14 5 9 4 5 3 2 1 1 0 1 
2018-2-14 0 19 3 16 5 11 1 10 3 7 2 5 2 3 1 2 1 1 1 0 
2018-2-15 0 36 5 31 11 20 2 18 7 11 3 8 3 5 1 4 1 3 2 1 
2018-2-16 0 23 7 16 1 15 0 15 8 7 0 7 1 6 1 5 3 2 0 2 
2018-2-17 0 35 11 24 5 19 1 18 6 12 3 9 5 4 2 2 1 1 1 0 
2018-2-18 0 11 4 7 4 3 0 3 1 2 0 2 0 2 2 0 0 0 0 0 
2018-2-19 0 32 10 22 7 15 1 14 8 6 1 5 0 5 3 2 1 1 0 1 
2018-2-20 0 26 5 21 4 17 2 15 3 12 4 8 1 7 2 5 2 3 1 2 
2018-2-21 0 83 12 71 11 60 32 28 10 18 8 10 1 9 2 7 5 2 0 2 
2018-2-22 0 79 22 57 6 51 31 20 6 14 5 9 0 9 4 5 2 3 1 2 
2018-2-23 0 78 23 55 10 45 21 24 8 16 7 9 0 9 3 6 3 3 1 2 
2018-2-24 0 62 14 48 10 38 19 19 7 12 4 8 1 7 5 2 0 2 0 2 
2018-2-25 0 57 14 43 11 32 12 20 3 17 4 13 4 9 5 4 2 2 1 1 
2018-2-26 0 76 15 61 14 47 17 30 8 22 5 17 3 14 8 6 5 1 0 1 
2018-2-27 0 53 10 43 14 29 9 20 6 14 5 9 2 7 4 3 3 0 0 0 
2018-2-28 0 63 13 50 14 36 17 19 3 16 6 10 3 7 3 4 1 3 1 2 
2018-3-1 0 61 19 42 8 34 9 25 7 18 7 11 2 9 4 5 4 1 1 0 
2018-3-2 0 51 10 41 5 36 15 21 9 12 7 5 2 3 1 2 1 1 1 0 
2018-3-3 0 60 16 44 13 31 23 8 2 6 4 2 0 2 1 1 1 0 0 0 
2018-3-4 0 46 10 36 5 31 17 14 3 11 4 7 2 5 2 3 0 3 2 1 
2018-3-5 0 66 15 51 10 41 24 17 5 12 5 7 2 5 3 2 1 1 0 1 
2018-3-6 0 57 16 41 6 35 20 15 4 11 6 5 2 3 2 1 1 0 0 0 
2018-3-7 0 55 14 41 11 30 14 16 7 9 2 7 1 6 3 3 2 1 0 1 
2018-3-8 0 60 16 44 9 35 16 19 9 10 2 8 2 6 2 4 2 2 1 1 
2018-3-9 0 57 12 45 7 38 18 20 10 10 3 7 1 6 1 5 4 1 0 1 
2018-3-10 0 31 4 27 10 17 8 9 2 7 3 4 1 3 1 2 0 2 0 2 
2018-3-11 0 52 14 38 11 27 14 13 3 10 4 6 1 5 3 2 0 2 2 0 
2018-3-12 0 38 10 28 4 24 11 13 6 7 1 6 0 6 3 3 1 2 1 1 
2018-3-13 0 40 8 32 4 28 12 16 6 10 1 9 3 6 4 2 0 2 1 1 
2018-3-14 0 60 18 42 6 36 10 26 11 15 4 11 9 2 1 1 1 0 0 0 
2018-3-15 0 49 12 37 4 33 7 26 2 24 4 20 17 3 1 2 2 0 0 0 
2018-3-16 2 52 15 37 9 28 8 20 4 16 2 14 9 5 1 4 2 2 1 1 
2018-3-17 2 53 13 40 8 32 10 22 7 15 6 9 6 3 2 1 1 0 0 0 
2018-3-18 0 67 19 48 7 41 13 28 3 25 7 18 12 6 2 4 0 4 3 1 
2018-3-19 0 41 11 30 6 24 6 18 6 12 1 11 5 6 2 4 0 4 1 3 
2018-3-20 0 53 13 40 10 30 10 20 9 11 2 9 5 4 1 3 1 2 0 2 
2018-3-21 0 51 10 41 8 33 13 20 9 11 4 7 3 4 1 3 2 1 1 0 
2018-3-22 0 44 10 34 6 28 7 21 6 15 3 12 5 7 4 3 1 2 2 0 
2018-3-23 1 53 20 33 5 28 6 22 7 15 2 13 4 9 3 6 4 2 1 1 
2018-3-24 0 58 16 42 16 26 8 18 2 16 4 12 4 8 4 4 1 3 1 2 
2018-3-25 0 43 9 34 10 24 10 14 3 11 4 7 4 3 3 0 0 0 0 0 
2018-3-26 0 42 10 32 9 23 9 14 6 8 2 6 1 5 1 4 4 0 0 0 
2018-3-27 0 46 10 36 11 25 7 18 11 7 0 7 3 4 1 3 2 1 1 0 
2018-3-28 0 33 7 26 2 24 7 17 4 13 2 11 4 7 4 3 1 2 2 0 
2018-3-29 0 32 5 27 7 20 7 13 6 7 1 6 1 5 4 1 0 1 1 0 
2018-3-30 0 35 7 28 6 22 6 16 6 10 4 6 1 5 2 3 3 0 0 0 
2018-3-31 0 25 5 20 5 15 4 11 4 7 3 4 1 3 1 2 0 2 2 0 
2018-4-1 0 39 10 29 4 25 10 15 8 7 2 5 0 5 3 2 2 0 0 0 
2018-4-2 0 24 2 22 6 16 1 15 11 4 0 4 0 4 2 2 2 0 0 0 
2018-4-3 1 38 6 32 8 24 7 17 12 5 2 3 0 3 0 3 1 2 2 0 
2018-4-4 1 39 11 28 5 23 2 21 12 9 3 6 2 4 2 2 0 2 1 1 
2018-4-5 0 48 11 37 8 29 10 19 6 13 4 9 1 8 4 4 3 1 0 1 
2018-4-6 1 43 14 29 7 22 12 10 2 8 2 6 0 6 5 1 1 0 0 0 
2018-4-7 0 18 2 16 5 11 8 3 1 2 1 1 1 0 0 0 0 0 0 0 
2018-4-8 0 15 4 11 3 8 0 8 1 7 2 5 0 5 3 2 0 2 1 1 
2018-4-9 0 10 2 8 2 6 1 5 0 5 2 3 0 3 2 1 1 0 0 0 
2018-4-10 0 9 1 8 2 6 0 6 0 6 1 5 2 3 0 3 1 2 1 1 
2018-4-11 0 12 2 10 3 7 3 4 0 4 1 3 2 1 1 0 0 0 0 0 
2018-4-12 0 33 11 22 7 15 6 9 1 8 2 6 5 1 1 0 0 0 0 0 
2018-4-13 0 21 8 13 3 10 2 8 0 8 1 7 6 1 0 1 1 0 0 0 
2018-4-14 0 18 2 16 5 11 4 7 0 7 1 6 2 4 2 2 0 2 1 1 
2018-4-15 0 17 5 12 2 10 1 9 0 9 3 6 3 3 1 2 0 2 2 0 
2018-4-16 0 50 14 36 9 27 11 16 1 15 5 10 9 1 1 0 0 0 0 0 
2018-4-17 0 62 17 45 16 29 12 17 4 13 4 9 4 5 2 3 1 2 2 0 
2018-4-18 0 57 14 43 8 35 13 22 0 22 6 16 7 9 4 5 1 4 1 3 
2018-4-19 0 58 19 39 15 24 9 15 1 14 5 9 5 4 3 1 0 1 0 1 
2018-4-20 0 43 10 33 10 23 13 10 0 10 6 4 1 3 1 2 1 1 0 1 
2018-4-21 0 28 9 19 5 14 6 8 0 8 2 6 3 3 0 3 1 2 0 2 
2018-4-22 0 28 5 23 6 17 6 11 0 11 3 8 1 7 5 2 0 2 2 0 
2018-4-23 0 30 8 22 5 17 7 10 0 10 4 6 4 2 1 1 1 0 0 0 
2018-4-24 0 39 12 27 10 17 5 12 0 12 3 9 2 7 4 3 1 2 2 0 
2018-4-25 0 14 3 11 6 5 2 3 0 3 1 2 0 2 2 0 0 0 0 0 
2018-4-26 0 19 7 12 6 6 2 4 0 4 1 3 1 2 1 1 0 1 0 1 
2018-4-27 1 35 13 22 5 17 8 9 0 9 2 7 1 6 4 2 2 0 0 0 
2018-4-28 0 38 9 29 9 20 5 15 0 15 7 8 2 6 3 3 0 3 1 2 
2018-4-29 0 15 6 9 3 6 2 4 0 4 0 4 2 2 2 0 0 0 0 0 
2018-4-30 0 25 7 18 7 11 4 7 0 7 0 7 1 6 5 1 1 0 0 0 
2018-5-1 0 33 11 22 6 16 6 10 1 9 3 6 1 5 3 2 2 0 0 0 
2018-5-2 0 14 8 6 4 2 0 2 0 2 1 1 0 1 1 0 0 0 0 0 
2018-5-3 0 32 15 17 7 10 7 3 0 3 1 2 0 2 1 1 1 0 0 0 
2018-5-4 0 30 12 18 4 14 8 6 0 6 1 5 0 5 2 3 0 3 0 3 
2018-5-5 0 27 13 14 6 8 2 6 0 6 3 3 1 2 1 1 1 0 0 0 
2018-5-6 0 16 1 15 3 12 3 9 0 9 2 7 0 7 5 2 1 1 0 1 
2018-5-7 0 31 11 20 7 13 6 7 0 7 2 5 3 2 0 2 1 1 0 1 
2018-5-8 0 41 13 28 4 24 7 17 0 17 0 17 7 10 1 9 8 1 0 1 
2018-5-9 0 17 5 12 4 8 2 6 1 5 1 4 3 1 1 0 0 0 0 0 
2018-5-10 1 49 15 34 8 26 5 21 0 21 3 18 9 9 1 8 1 7 7 0 
2018-5-11 0 40 13 27 8 19 3 16 0 16 2 14 8 6 2 4 1 3 3 0 
2018-5-12 0 32 11 21 7 14 1 13 1 12 2 10 4 6 3 3 1 2 1 1 
2018-5-13 0 40 12 28 9 19 4 15 0 15 2 13 9 4 1 3 1 2 1 1 
2018-5-14 0 41 10 31 8 23 6 17 0 17 4 13 6 7 2 5 2 3 1 2 
2018-5-15 0 42 19 23 7 16 6 10 0 10 1 9 2 7 3 4 2 2 1 1 
2018-5-16 0 40 10 30 9 21 3 18 0 18 4 14 7 7 3 4 2 2 2 0 
2018-5-17 0 21 5 16 7 9 3 6 0 6 1 5 2 3 2 1 0 1 1 0 
2018-5-18 1 47 18 29 7 22 6 16 1 15 3 12 4 8 4 4 3 1 1 0 
2018-5-19 0 34 7 27 5 22 8 14 0 14 4 10 2 8 2 6 1 5 4 1 
2018-5-20 0 20 6 14 3 11 0 11 1 10 1 9 3 6 3 3 2 1 1 0 
2018-5-21 0 27 9 18 4 14 7 7 0 7 3 4 1 3 1 2 0 2 2 0 
2018-5-22 1 28 10 18 4 14 4 10 0 10 2 8 4 4 2 2 2 0 0 0 
2018-5-23 1 5 1 4 2 2 0 2 0 2 0 2 1 1 0 1 0 1 0 1 
2018-5-24 0 16 9 7 1 6 2 4 0 4 0 4 0 4 4 0 0 0 0 0 
2018-5-25 1 16 4 12 2 10 9 1 0 1 0 1 1 0 0 0 0 0 0 0 
2018-5-26 0 28 12 16 8 8 2 6 0 6 0 6 2 4 3 1 0 1 0 1 
2018-5-27 0 20 8 12 4 8 3 5 0 5 1 4 0 4 2 2 0 2 1 1 
2018-5-28 0 16 9 7 0 7 1 6 0 6 1 5 1 4 3 1 0 1 1 0 
2018-5-29 0 17 7 10 6 4 1 3 0 3 1 2 0 2 1 1 0 1 0 1 
2018-5-30 7 16 7 9 2 7 3 4 0 4 0 4 0 4 4 0 0 0 0 0 
2018-5-31 9 23 10 13 7 6 1 5 0 5 1 4 0 4 2 2 0 2 2 0 
2018-6-1 12 16 7 9 4 5 3 2 0 2 0 2 1 1 0 1 0 1 0 1 
2018-6-2 9 24 12 12 6 6 3 3 0 3 0 3 0 3 1 2 1 1 0 1 
2018-6-3 15 16 2 14 4 10 3 7 0 7 0 7 3 4 3 1 0 1 0 1 
2018-6-4 25 30 10 20 9 11 3 8 0 8 0 8 1 7 6 1 1 0 0 0 
2018-6-5 20 38 20 18 4 14 5 9 0 9 3 6 1 5 3 2 1 1 0 1 
2018-6-6 22 24 9 15 7 8 5 3 0 3 0 3 2 1 1 0 0 0 0 0 
2018-6-7 35 33 10 23 9 14 5 9 0 9 1 8 4 4 1 3 1 2 0 2 
2018-6-8 54 39 13 26 8 18 4 14 0 14 0 14 9 5 0 5 0 5 4 1 
2018-6-9 56 40 14 26 7 19 4 15 1 14 2 12 9 3 1 2 0 2 2 0 
2018-6-10 40 12 8 4 1 3 1 2 0 2 0 2 1 1 0 1 0 1 1 0 
2018-6-11 44 20 3 17 7 10 6 4 0 4 0 4 2 2 1 1 0 1 1 0 
2018-6-12 79 31 11 20 7 13 3 10 0 10 3 7 3 4 1 3 0 3 3 0 
2018-6-13 73 25 4 21 5 16 6 10 1 9 2 7 5 2 1 1 0 1 1 0 
2018-6-14 121 31 9 22 9 13 6 7 0 7 0 7 2 5 3 2 0 2 2 0 
2018-6-15 127 29 8 21 9 12 4 8 0 8 0 8 2 6 2 4 0 4 4 0 
2018-6-16 117 22 7 15 6 9 4 5 0 5 0 5 1 4 2 2 0 2 1 1 
2018-6-17 126 32 7 25 13 12 3 9 0 9 3 6 4 2 0 2 0 2 1 1 
2018-6-18 143 28 8 20 7 13 3 10 0 10 3 7 5 2 1 1 0 1 0 1 
2018-6-19 117 30 12 18 7 11 4 7 0 7 1 6 1 5 2 3 1 2 2 0 
2018-6-20 74 14 7 7 2 5 1 4 0 4 1 3 0 3 2 1 0 1 0 1 
2018-6-21 73 12 4 8 3 5 2 3 0 3 0 3 1 2 1 1 0 1 0 1 
2018-6-22 137 36 16 20 10 10 3 7 0 7 2 5 1 4 3 1 0 1 1 0 
2018-6-23 93 27 11 16 4 12 6 6 0 6 2 4 2 2 2 0 0 0 0 0 
2018-6-24 107 26 10 16 7 9 3 6 0 6 1 5 2 3 1 2 0 2 2 0 
2018-6-25 124 26 9 17 7 10 7 3 0 3 1 2 0 2 2 0 0 0 0 0 
2018-6-26 99 28 13 15 3 12 4 8 0 8 2 6 2 4 2 2 0 2 1 1 
2018-6-27 85 13 3 10 4 6 4 2 0 2 0 2 0 2 2 0 0 0 0 0 
2018-6-28 65 9 3 6 1 5 3 2 0 2 0 2 0 2 1 1 0 1 0 1 
2018-6-29 73 16 9 7 2 5 1 4 0 4 0 4 0 4 3 1 0 1 1 0 
2018-6-30 100 32 13 19 9 10 4 6 0 6 0 6 2 4 3 1 0 1 1 0 
2018-7-1 94 22 12 10 4 6 1 5 0 5 3 2 1 1 1 0 0 0 0 0 
2018-7-2 106 28 14 14 8 6 2 4 0 4 2 2 0 2 2 0 0 0 0 0 
2018-7-3 70 29 9 20 10 10 2 8 0 8 3 5 0 5 3 2 0 2 2 0 
2018-7-4 64 10 4 6 0 6 2 4 0 4 1 3 0 3 2 1 0 1 1 0 
2018-7-5 121 34 14 20 10 10 3 7 0 7 3 4 3 1 1 0 0 0 0 0 
2018-7-6 102 24 12 12 5 7 3 4 0 4 2 2 0 2 1 1 0 1 1 0 
2018-7-7 71 14 7 7 3 4 1 3 0 3 0 3 0 3 3 0 0 0 0 0 
2018-7-8 55 16 7 9 4 5 1 4 0 4 2 2 0 2 1 1 0 1 1 0 
2018-7-9 95 15 8 7 5 2 1 1 0 1 1 0 0 0 0 0 0 0 0 0 
2018-7-10 119 33 16 17 6 11 2 9 0 9 1 8 4 4 2 2 0 2 2 0 
2018-7-11 86 38 17 21 5 16 0 16 0 16 1 15 13 2 0 2 0 2 2 0 
2018-7-12 12 8 1 7 2 5 0 5 0 5 0 5 4 1 0 1 0 1 1 0 
2018-7-13 0 1 1 0 0 0 0 0 0 0 0 0 0 0 0 0 0 0 0 0 
2018-7-14 0 0 0 0 0 0 0 0 0 0 0 0 0 0 0 0 0 0 0 0 
2018-7-15 0 3 1 2 2 0 0 0 0 0 0 0 0 0 0 0 0 0 0 0 
2018-7-16 0 3 1 2 2 0 0 0 0 0 0 0 0 0 0 0 0 0 0 0 
2018-7-17 0 1 1 0 0 0 0 0 0 0 0 0 0 0 0 0 0 0 0 0 
2018-7-18 0 3 1 2 2 0 0 0 0 0 0 0 0 0 0 0 0 0 0 0 
2018-7-19 1 3 0 3 2 1 0 1 0 1 0 1 0 1 0 1 0 1 1 0 
2018-7-20 0 2 1 1 1 0 0 0 0 0 0 0 0 0 0 0 0 0 0 0 
2018-7-21 0 2 2 0 0 0 0 0 0 0 0 0 0 0 0 0 0 0 0 0 
2018-7-22 0 4 2 2 2 0 0 0 0 0 0 0 0 0 0 0 0 0 0 0 
2018-7-23 1 7 3 4 4 0 0 0 0 0 0 0 0 0 0 0 0 0 0 0 
2018-7-24 0 2 1 1 1 0 0 0 0 0 0 0 0 0 0 0 0 0 0 0 
2018-7-25 0 0 0 0 0 0 0 0 0 0 0 0 0 0 0 0 0 0 0 0 
2018-7-26 0 0 0 0 0 0 0 0 0 0 0 0 0 0 0 0 0 0 0 0 
2018-7-27 0 0 0 0 0 0 0 0 0 0 0 0 0 0 0 0 0 0 0 0 
2018-7-28 0 2 2 0 0 0 0 0 0 0 0 0 0 0 0 0 0 0 0 0 
2018-7-29 1 3 1 2 2 0 0 0 0 0 0 0 0 0 0 0 0 0 0 0 
2018-7-30 0 0 0 0 0 0 0 0 0 0 0 0 0 0 0 0 0 0 0 0 
2018-7-31 0 0 0 0 0 0 0 0 0 0 0 0 0 0 0 0 0 0 0 0 
