safari/604.1 safari/602.1 safari/604.3.5 safari/604.4.7 safari/601.1 safari/603.3.8 safari/604.1.38 safari/537.86.7 safari/604.5.6 safari/537 safari/601.7.7 safari/603.2.4 safari/600.1.4 safari/603.1.30 safari/602.4.8 safari/603.2.5 safari/602.3.12 safari/602.1.50 safari/602.2.14 safari/601.6.17 safari/537.36 safari/537.35+ safari/600.8.9 safari/601.7.8 safari/601.5.17 safari/601.4.4 safari/534.30 safari/601.3.9 safari/601.2.7 safari/604.5.2 safari/600.7.12 safari/600.6.3 safari/604.4.6 safari/601.1.46 safari/601.1.56 safari/604.4.5 safari/600.1.25 safari/534.30; safari/7046a194a safari/605.1.15 safari/537.86.6 safari/604.5.5 safari/600.3.18 safari/604.5.3 safari/600.5.17 safari/604.3.4 safari/600.4.10 safari/537.86.4 safari/600.2.5 safari/537.85.16 safari/537.86.5 safari/602.1.1 safari/8536.25 safari/538.1 safari/537.16 safari/9537.53 safari/600.4.8 safari/604.3.1 safari/7534.48.3 safari safari/537.86.2 safari/6533.18.5 safari/537.21 safari/537.77.4 safari/537.78.2 safari/537.85.17 safari/537.86.3 safari/602.4.2 safari/602.4.6 safari/605.1 safari/525.20.1 safari/531.21.10 safari/533.4 safari/537.86.1 safari/600.1.4) safari/603.1.13 safari/604.5.100 safari/605.1.12 safari/10603.3.8 safari/13604.3.5 safari/535.19 safari/600.4.5 safari/604.1.31 safari/604.4.7.1.3 safari/604.5.1 safari/605.1.13 safari/999.9 
2017-10-28 7 5 0 0 1 0 5 0 0 0 0 0 0 0 0 0 0 0 0 0 0 0 0 0 1 0 0 0 0 0 0 0 0 0 0 0 0 0 0 0 0 0 0 0 0 0 0 0 0 0 0 0 0 0 0 0 0 0 0 0 0 0 0 0 0 0 0 0 0 0 0 0 0 0 0 0 0 0 0 0 0 0 0 0 0 0 0 
2017-10-29 1447 473 6 0 133 92 400 19 0 9 11 25 2 8 6 10 2 2 4 1 1 0 0 4 0 3 2 0 1 0 0 0 0 0 0 0 1 0 0 0 0 0 2 0 1 1 0 0 0 0 0 0 0 0 0 0 0 1 0 0 0 0 0 0 0 0 0 0 0 0 0 0 0 0 0 0 0 0 0 0 0 0 0 0 0 0 0 
2017-10-30 2212 687 9 0 159 110 536 21 0 21 15 25 7 5 12 9 10 14 5 2 0 0 5 4 1 0 1 3 0 0 3 1 0 0 3 0 1 0 1 0 1 0 0 0 1 2 0 0 1 1 0 0 0 2 0 0 0 1 0 0 0 0 0 0 0 0 0 0 0 0 0 0 0 0 0 0 0 0 0 0 0 0 0 0 0 0 0 
2017-10-31 2770 808 13 0 217 116 621 26 0 14 14 25 13 13 15 10 9 9 7 7 4 10 4 0 3 2 1 2 0 0 2 3 0 0 0 0 0 1 0 0 0 0 0 0 0 1 0 0 0 0 0 0 0 0 0 0 0 0 0 0 0 0 0 0 0 0 0 0 0 0 0 0 0 0 0 0 0 0 0 0 0 0 0 0 0 0 0 
2017-11-1 2028 610 167 0 197 101 420 24 0 12 9 18 15 12 13 16 6 6 4 9 0 2 3 3 2 1 0 0 0 0 0 0 0 1 1 1 1 0 0 0 1 0 0 0 0 0 0 0 0 0 1 0 0 0 0 0 0 0 1 0 0 0 0 0 0 0 0 0 0 0 0 0 0 0 0 0 0 0 0 0 0 0 0 0 0 0 0 
2017-11-2 2918 851 414 0 217 141 326 29 0 17 32 26 13 26 21 18 16 14 9 4 2 2 3 3 2 3 1 5 2 0 0 1 0 0 0 4 1 0 0 0 1 0 1 0 0 0 1 0 1 0 0 0 1 0 0 0 0 0 0 0 0 0 0 0 0 0 0 0 0 1 0 0 0 0 0 0 0 0 0 0 0 0 0 0 0 0 0 
2017-11-3 1937 529 338 0 186 95 186 26 0 18 11 19 13 19 7 9 4 7 4 5 2 1 3 2 2 4 0 3 1 0 2 0 0 0 0 4 2 0 0 0 1 0 1 0 1 0 0 0 0 0 1 0 1 0 0 0 0 0 0 0 0 0 0 0 0 0 0 0 0 0 0 0 0 0 0 0 0 0 0 0 0 0 0 0 0 0 0 
2017-11-4 2498 714 370 0 213 97 168 11 0 19 13 20 18 10 9 10 5 3 3 5 3 3 1 3 1 3 1 8 4 0 0 1 0 0 0 1 0 0 1 0 0 0 0 0 0 1 0 0 0 0 0 0 0 0 0 0 1 0 0 0 0 0 0 0 0 0 1 0 0 0 0 0 0 0 0 0 0 0 0 0 0 0 0 0 0 0 0 
2017-11-5 2445 631 367 0 183 95 164 20 0 11 14 16 8 14 8 10 3 4 5 2 3 4 3 2 0 3 2 1 1 0 2 0 0 1 0 2 0 2 0 0 0 0 0 0 2 0 1 0 0 0 0 0 1 0 0 0 0 0 0 0 0 0 0 0 0 0 0 0 0 0 0 0 0 0 0 0 0 0 0 0 0 0 0 0 0 0 0 
2017-11-6 2279 640 491 0 153 111 164 20 0 13 16 25 9 10 20 9 8 4 1 4 0 1 3 4 1 5 1 3 1 0 0 0 0 1 1 8 1 1 0 0 0 0 0 0 0 1 0 0 0 0 0 0 0 0 0 0 0 0 0 0 0 0 0 0 0 0 0 0 0 0 0 0 0 0 0 0 0 1 0 0 0 1 0 0 0 0 0 
2017-11-7 2262 536 453 0 154 129 104 19 0 9 20 27 10 14 8 11 2 8 6 7 3 1 3 4 2 3 1 0 0 0 1 0 0 0 3 3 1 1 0 0 1 0 0 0 0 0 0 0 0 2 0 0 0 0 0 0 0 0 0 0 0 0 0 0 0 0 0 0 0 0 0 0 0 0 0 0 0 0 0 0 0 0 0 0 0 0 0 
2017-11-8 2254 588 428 0 131 102 122 23 0 10 16 20 7 10 13 8 6 10 6 3 0 0 6 2 3 4 0 4 3 0 0 0 0 0 1 1 1 1 0 0 0 0 1 0 0 0 0 1 0 0 0 0 0 0 0 0 0 0 0 0 0 0 0 0 0 0 0 0 0 0 0 0 0 0 0 0 0 0 0 0 0 0 0 0 0 0 0 
2017-11-9 3549 856 654 0 223 134 133 23 0 18 20 14 17 8 6 12 13 9 3 8 6 4 7 4 1 2 1 2 4 0 1 0 5 2 0 0 0 1 2 0 0 0 2 0 0 1 0 0 0 0 1 0 0 0 0 0 0 0 0 0 0 0 0 0 0 0 0 0 0 0 0 0 0 0 0 0 0 0 0 1 0 0 0 0 0 0 1 
2017-11-10 3948 988 638 0 264 130 102 20 0 18 17 16 23 14 17 11 6 10 7 3 2 2 3 1 1 5 1 0 5 0 4 1 2 2 0 4 0 0 1 0 0 0 1 0 1 0 1 0 0 1 0 0 0 0 0 0 0 0 0 0 0 0 0 0 0 0 0 0 0 0 0 0 0 0 0 0 0 0 0 0 0 0 0 0 0 0 0 
2017-11-11 3024 798 563 0 237 117 85 27 0 19 11 21 13 14 11 11 5 9 7 4 2 2 2 2 3 4 1 0 3 0 0 2 6 2 0 1 0 0 0 0 0 0 0 0 0 0 0 0 0 1 0 0 0 0 0 0 0 0 0 0 0 0 0 0 0 0 0 0 0 0 0 0 0 0 0 0 0 0 0 0 0 0 0 0 0 0 0 
2017-11-12 3273 853 646 0 224 102 104 32 0 20 12 19 15 8 10 11 8 8 6 1 5 3 0 4 1 7 1 1 3 0 0 1 6 0 0 2 0 0 0 0 0 0 0 0 1 0 0 0 0 0 0 0 1 0 0 0 0 0 0 0 0 0 0 0 0 0 0 1 0 0 0 0 0 0 0 0 0 0 0 0 0 0 0 0 0 0 0 
2017-11-13 2764 681 596 1 177 122 100 32 0 20 21 19 8 10 14 10 7 6 7 5 5 0 3 5 1 4 1 2 2 0 1 1 4 0 0 0 2 0 0 0 0 0 0 0 0 0 0 0 0 0 0 0 0 0 0 0 0 0 0 0 0 1 0 0 0 0 0 0 0 0 0 0 0 0 0 0 0 1 0 0 0 0 0 0 0 0 0 
2017-11-14 2965 697 547 1 185 115 63 18 0 18 20 20 6 11 15 10 15 11 6 1 5 0 4 4 2 3 0 2 0 0 1 1 5 0 0 0 1 1 0 0 0 0 1 0 0 0 0 0 0 0 0 0 0 0 0 0 0 0 0 0 0 0 0 0 0 0 0 0 0 0 0 0 0 1 0 0 0 0 0 0 0 0 0 0 0 0 0 
2017-11-15 3551 769 556 8 196 94 59 25 0 27 16 16 15 13 11 10 10 5 8 2 3 4 2 3 2 4 2 1 2 0 2 0 6 0 1 0 1 1 1 0 0 0 1 0 0 0 0 0 0 0 0 1 0 0 0 0 0 0 0 1 0 0 0 0 0 0 0 0 0 0 0 0 0 0 0 0 0 0 0 0 0 0 0 0 0 0 0 
2017-11-16 3324 804 643 6 187 110 60 26 0 21 21 17 12 11 8 9 9 2 4 4 3 5 4 4 6 5 1 3 2 0 1 1 3 0 0 0 0 1 0 0 1 0 1 0 0 0 0 0 0 0 0 1 0 0 0 0 0 0 0 0 0 1 0 0 0 0 0 0 0 0 0 0 0 0 0 0 0 0 0 0 0 0 0 0 0 0 0 
2017-11-17 3575 821 602 2 238 93 57 24 0 18 22 27 10 10 15 6 10 7 3 4 2 2 5 5 3 3 3 1 1 0 0 0 2 1 2 2 1 0 1 0 1 0 0 0 1 1 1 0 0 0 0 1 0 0 0 0 0 0 0 0 0 1 0 0 0 0 0 0 0 0 0 0 0 0 0 0 0 0 0 0 0 0 0 0 0 0 0 
2017-11-18 2382 513 428 5 140 55 25 20 0 12 12 7 8 4 3 5 1 4 1 2 1 2 2 2 1 3 1 3 1 0 0 0 0 1 1 0 1 1 0 0 0 0 0 0 0 0 0 0 0 0 0 1 0 0 0 0 0 0 0 0 0 0 0 0 0 0 0 0 0 0 0 0 0 0 0 0 0 0 0 0 0 0 0 0 0 0 0 
2017-11-19 2435 623 527 7 155 97 52 15 0 13 8 16 11 10 8 11 4 8 9 6 3 3 2 2 2 1 1 4 2 0 2 0 1 1 0 0 0 0 0 0 1 0 0 0 1 0 1 0 0 0 0 0 0 0 0 0 0 0 0 0 0 0 0 0 0 0 0 0 1 0 0 0 0 0 0 0 0 0 0 0 0 0 0 0 0 0 0 
2017-11-20 1605 386 490 5 111 84 57 15 0 11 30 13 12 5 5 17 7 8 4 2 1 2 2 3 4 1 1 0 1 0 0 2 1 0 2 0 0 0 0 0 0 0 1 0 0 0 0 0 0 0 0 0 0 0 0 0 0 0 0 0 0 1 0 0 0 0 0 0 1 0 0 0 0 1 0 0 0 0 0 0 0 0 0 0 0 0 0 
2017-11-21 1824 343 468 4 99 84 33 16 0 10 14 14 2 12 12 10 11 8 4 3 1 1 3 1 8 3 1 0 1 0 0 0 0 1 0 0 0 0 1 0 1 0 0 0 0 0 0 0 1 0 0 0 0 0 0 0 0 0 0 0 1 0 0 0 0 0 0 0 0 0 0 0 0 0 0 0 0 0 0 0 0 0 0 0 0 0 0 
2017-11-22 2768 554 595 4 238 108 49 30 0 17 10 18 10 10 12 12 6 6 6 1 2 2 1 4 2 0 1 3 1 0 0 0 1 0 0 0 1 0 0 0 0 0 1 0 0 0 0 0 1 0 0 1 0 0 0 0 0 0 0 0 0 0 0 0 0 0 0 0 0 0 0 0 0 0 0 0 0 0 0 0 0 0 0 0 0 0 0 
2017-11-23 3223 670 624 5 247 85 40 44 0 20 13 15 15 12 9 7 5 7 5 1 3 0 4 5 0 2 2 3 3 0 1 1 0 0 1 0 1 1 0 0 0 0 1 0 2 0 1 0 0 0 0 0 0 0 0 0 0 0 0 0 0 0 0 0 0 0 0 0 0 0 0 0 0 0 0 0 0 0 0 0 0 0 0 0 0 0 0 
2017-11-24 4217 898 733 1 322 132 31 44 0 16 17 17 19 6 8 10 6 5 3 3 1 2 3 4 5 2 4 1 2 0 1 0 0 0 0 0 1 1 0 0 1 0 1 0 0 1 0 0 0 0 0 0 0 0 0 0 0 0 0 0 0 0 0 0 0 0 0 0 0 0 0 0 0 0 1 0 0 0 0 0 0 0 0 0 0 0 0 
2017-11-25 3644 761 595 6 322 89 30 35 0 24 12 10 9 11 8 10 6 2 5 1 3 5 1 4 0 3 1 2 0 0 0 0 0 1 0 0 0 0 1 0 0 0 0 0 1 0 0 0 0 0 0 0 1 0 0 0 0 0 0 0 0 0 0 0 0 0 0 0 0 0 0 0 0 0 0 0 0 0 1 0 0 0 0 0 0 0 0 
2017-11-26 4707 905 698 4 341 101 38 46 0 18 11 13 13 9 13 8 14 6 7 1 1 7 4 1 1 3 2 1 0 0 3 3 0 1 2 0 2 1 0 0 0 0 0 0 1 1 0 0 0 0 0 0 0 0 0 0 0 0 0 0 0 0 0 0 0 0 0 0 0 0 1 0 0 0 0 0 0 0 0 0 0 0 0 0 0 0 0 
2017-11-27 3379 653 656 3 281 134 41 47 0 23 27 16 14 12 7 12 6 4 15 7 0 2 2 3 3 1 2 1 2 0 1 1 1 1 0 1 2 0 2 0 0 0 1 0 1 2 0 0 0 0 0 0 0 0 0 0 0 0 0 0 0 0 0 0 0 0 0 0 0 0 0 0 0 0 0 0 0 0 0 0 0 0 0 0 0 0 0 
2017-11-28 2815 589 653 6 194 114 41 34 0 20 22 18 9 12 7 10 5 3 8 7 2 3 4 2 3 2 1 0 2 0 1 1 0 2 3 1 1 0 0 0 1 0 0 0 0 1 0 0 0 0 0 0 0 0 0 1 0 0 0 0 0 0 0 0 0 0 1 0 0 0 0 0 0 0 0 0 0 0 0 0 0 0 0 0 0 1 0 
2017-11-29 1960 391 500 3 165 90 39 31 0 14 18 15 6 14 6 14 6 5 5 3 2 0 3 4 4 2 1 1 1 0 0 1 0 2 0 0 0 0 0 0 0 0 1 0 0 0 0 0 0 0 0 0 0 0 0 1 0 1 0 0 0 0 0 0 0 0 0 0 0 0 0 0 1 0 0 0 0 0 0 0 0 0 0 0 0 0 0 
2017-11-30 3336 598 640 5 220 104 50 28 0 19 21 12 8 7 7 7 4 6 11 4 2 4 4 4 3 4 1 0 4 0 1 0 0 0 1 1 1 0 0 0 2 0 2 0 0 0 0 2 0 0 0 0 0 0 0 0 1 0 0 0 0 0 0 0 1 0 0 0 0 0 0 0 1 0 0 0 0 0 0 0 0 0 0 0 0 0 0 
2017-12-1 3546 599 594 3 242 77 34 32 0 17 14 13 12 10 16 5 8 3 4 2 0 3 5 2 4 1 1 0 1 0 2 1 1 0 0 1 2 0 1 0 0 0 0 0 0 0 0 0 0 0 0 0 1 0 0 0 0 0 0 0 0 0 0 0 0 0 0 0 0 0 0 0 0 0 0 0 0 0 0 0 1 0 0 0 0 0 0 
2017-12-2 2911 442 441 8 192 76 19 19 0 20 8 8 10 8 7 4 2 3 1 0 1 1 2 1 0 1 2 0 2 0 0 1 0 1 0 0 0 0 0 0 0 0 0 0 1 0 0 0 0 0 0 0 0 0 0 0 0 0 0 0 0 0 0 0 0 0 0 0 0 0 0 0 0 0 0 0 0 0 0 0 0 0 0 0 0 0 0 
2017-12-3 3836 645 595 12 228 95 13 29 0 22 11 9 19 16 16 9 6 2 4 4 9 2 3 2 1 3 1 0 3 0 0 0 0 0 1 0 0 0 1 0 0 0 0 0 0 1 0 0 0 0 0 0 1 0 0 0 1 0 0 0 0 0 0 0 0 1 0 0 0 0 0 0 0 0 0 0 0 0 0 0 0 0 0 0 0 0 0 
2017-12-4 2865 502 625 6 174 86 40 34 0 18 24 17 10 10 9 6 8 2 5 1 6 2 1 3 2 5 1 0 0 0 0 1 0 1 1 1 0 2 0 0 0 0 0 0 0 0 0 0 1 0 1 0 0 0 0 0 0 0 0 0 0 0 0 0 0 0 0 0 0 0 0 0 0 0 0 0 0 0 0 0 0 0 0 0 0 0 0 
2017-12-5 4121 614 722 10 255 105 23 38 0 26 25 15 9 16 2 8 10 0 8 2 3 4 3 2 2 3 2 3 0 0 2 0 0 0 0 1 0 0 0 0 1 0 0 0 1 0 2 0 1 0 1 0 0 0 0 0 0 0 0 0 0 0 0 0 1 0 0 1 0 0 0 0 0 0 0 0 0 0 0 0 0 0 0 0 0 0 0 
2017-12-6 3455 528 609 16 226 75 26 33 0 18 15 18 7 11 3 6 5 5 4 3 4 7 6 5 5 0 1 0 1 0 0 0 0 1 0 0 0 0 0 0 2 0 0 0 1 1 0 0 0 1 0 0 0 0 0 0 0 0 0 0 0 0 0 0 0 0 0 1 0 0 0 0 0 0 0 0 0 0 0 0 0 0 0 0 0 0 0 
2017-12-7 2188 315 315 53 120 65 14 19 0 17 4 8 4 7 10 1 6 3 1 2 4 5 2 2 1 3 1 1 0 0 1 0 0 0 0 0 0 0 2 0 1 0 1 0 0 0 0 0 0 0 0 0 0 0 0 0 1 0 1 0 0 0 0 0 0 0 0 0 0 0 0 0 0 0 0 0 0 0 0 0 0 0 0 0 0 0 0 
2017-12-8 3517 571 383 172 216 59 18 31 0 26 9 12 7 6 6 4 3 3 2 3 9 3 2 1 0 1 1 1 1 0 0 2 0 1 1 0 1 0 0 0 0 0 0 0 1 0 0 0 0 1 0 0 0 0 0 0 0 0 0 0 0 0 0 0 0 0 0 0 0 0 0 0 0 0 0 1 0 0 0 0 0 0 0 0 0 0 0 
2017-12-9 3849 591 319 184 226 72 22 26 0 22 9 8 21 7 4 10 5 4 2 2 6 4 2 2 2 0 1 2 0 0 0 0 0 0 0 1 0 0 0 0 0 0 0 0 0 0 1 0 0 1 0 0 0 0 0 0 0 0 0 0 1 0 1 0 0 0 0 0 0 0 0 0 0 0 0 0 0 0 0 0 0 0 0 0 0 0 0 
2017-12-10 3323 518 257 190 208 68 20 25 0 25 14 3 12 7 8 4 3 3 6 2 6 2 1 3 3 0 3 1 0 0 1 1 0 1 1 0 0 0 0 0 0 0 0 0 0 0 0 0 0 0 0 0 0 0 0 0 0 0 0 0 0 0 0 0 0 0 0 0 1 0 1 0 0 0 0 0 0 0 0 0 0 0 0 1 0 0 0 
2017-12-11 3522 591 386 317 229 97 24 39 0 18 20 21 11 11 8 7 5 6 8 4 10 5 5 3 7 1 2 0 0 0 0 0 0 1 0 0 0 0 1 0 1 0 1 0 0 1 0 0 1 1 0 0 0 0 0 0 0 0 0 0 0 0 0 0 0 0 0 0 0 0 0 0 0 0 0 0 0 0 0 0 0 0 0 0 0 0 0 
2017-12-12 2384 340 226 199 127 51 11 15 0 11 10 5 10 8 2 6 8 1 2 2 2 2 1 3 2 3 0 0 1 1 0 0 0 1 0 0 1 1 0 0 0 0 0 0 0 0 0 0 0 0 0 0 0 0 0 0 0 1 0 0 0 0 0 0 0 0 0 0 0 0 0 0 0 0 0 0 0 0 0 0 0 0 0 0 0 0 0 
2017-12-13 2808 362 241 258 138 60 28 23 0 10 13 11 7 11 3 5 7 6 5 3 2 1 3 0 1 1 4 0 0 2 1 0 0 1 0 0 0 0 0 0 1 0 0 0 0 0 1 1 0 1 0 0 0 0 0 0 0 0 1 0 0 0 0 0 0 0 0 0 0 0 0 0 0 0 0 0 0 0 0 0 0 0 0 0 0 0 0 
2017-12-14 1578 179 86 115 71 23 14 10 0 9 8 5 5 2 3 1 2 1 1 3 2 2 1 1 1 1 1 0 0 2 1 0 0 0 0 0 0 0 0 0 0 0 0 0 0 0 0 0 0 0 0 0 1 0 0 0 0 0 0 0 0 0 0 0 0 0 0 0 0 0 0 0 0 0 0 0 0 0 0 0 0 0 0 0 0 0 0 
2017-12-15 827 143 51 80 65 19 4 2 0 7 2 2 2 2 3 2 3 2 1 1 1 1 1 0 0 0 3 0 1 0 0 0 0 1 0 0 0 0 0 0 1 0 0 0 0 0 0 0 0 0 0 0 0 0 0 0 0 0 0 0 0 0 0 0 0 0 0 0 0 0 0 0 0 0 0 0 0 0 0 0 0 0 0 0 0 0 0 
2017-12-16 3585 473 131 276 186 57 15 23 0 20 6 3 13 6 2 1 1 4 7 3 3 6 0 4 1 0 2 0 0 1 0 1 0 1 0 1 0 0 0 0 0 0 0 0 0 0 0 0 0 0 0 0 0 0 1 0 0 0 0 0 1 0 0 2 0 0 0 0 0 0 0 0 0 0 0 0 0 0 0 0 0 0 0 0 0 0 0 
2017-12-17 1813 243 59 159 93 29 6 10 0 11 3 8 3 4 0 0 3 3 5 0 2 4 0 1 0 0 0 0 1 1 0 1 0 1 1 0 0 0 0 0 0 0 0 0 0 0 0 0 0 0 0 0 0 0 0 0 0 0 0 0 0 0 0 0 0 0 0 0 0 0 0 0 0 0 0 0 0 0 0 0 0 0 0 0 0 0 0 
2017-12-18 2424 311 122 288 121 53 14 10 0 9 10 10 4 5 7 3 5 4 6 1 3 1 2 2 2 3 2 1 0 3 0 0 0 1 0 0 0 1 0 0 0 0 0 0 0 0 0 0 0 0 0 0 0 0 0 1 0 0 0 0 0 0 1 0 0 0 0 0 0 0 0 0 0 0 0 0 0 0 0 0 0 0 0 0 0 0 0 
2017-12-19 3096 447 116 404 174 70 15 35 0 19 14 17 8 7 4 10 6 8 6 2 4 3 6 3 2 3 2 0 0 4 0 1 0 0 2 1 1 2 2 0 2 0 0 0 0 0 0 0 0 0 0 0 0 0 1 0 0 0 0 0 0 0 0 0 0 0 0 0 0 0 0 0 0 0 0 0 0 0 0 0 0 0 0 0 0 0 0 
2017-12-20 4115 541 186 608 225 91 29 36 0 21 14 13 12 9 7 9 11 1 11 3 3 6 1 2 5 3 1 1 0 8 0 0 0 1 1 0 0 0 1 0 0 0 0 0 0 0 0 0 0 0 0 0 0 0 0 0 0 0 0 0 1 0 0 0 0 0 0 0 0 0 0 0 0 0 0 0 0 0 0 0 0 0 0 0 0 0 0 
2017-12-21 3815 509 122 483 228 90 26 26 0 17 14 11 12 10 15 2 4 6 6 2 1 4 5 3 6 1 2 1 1 7 0 0 0 1 1 0 1 0 1 0 1 0 0 0 0 0 0 1 0 0 0 0 0 0 1 0 0 0 0 0 0 0 0 0 0 0 0 0 0 0 0 0 0 0 0 0 0 0 0 0 0 0 0 0 0 0 0 
2017-12-22 4981 745 141 641 332 128 21 42 0 29 9 9 16 12 11 12 7 9 5 1 5 4 1 2 2 3 2 1 0 7 0 0 0 1 0 0 0 1 0 0 0 0 0 0 1 0 0 1 1 0 0 0 0 0 0 0 0 0 0 0 0 0 0 0 0 0 0 0 0 0 0 0 0 0 0 0 0 0 0 0 0 0 0 0 0 0 0 
2017-12-23 2353 356 94 336 185 64 13 16 0 14 6 2 11 4 5 1 6 2 1 1 7 0 1 1 1 0 0 1 0 4 2 0 0 0 0 0 1 0 2 0 0 0 0 0 0 0 0 0 0 0 0 0 0 0 0 0 0 0 0 0 0 0 0 0 0 0 0 0 0 0 0 0 0 0 0 0 0 0 0 0 0 0 0 0 0 0 0 
2017-12-24 1087 193 38 172 86 31 11 10 0 4 9 2 3 1 1 0 1 1 1 0 0 0 0 1 4 2 1 0 0 3 1 0 0 0 1 0 1 0 0 0 0 0 1 0 0 0 0 0 0 0 0 0 0 0 0 0 0 0 0 0 0 0 0 0 0 0 0 0 0 0 0 0 0 0 0 0 0 0 0 0 0 0 0 0 0 0 0 
2017-12-25 1547 228 37 174 117 24 4 10 0 8 4 3 5 1 3 0 3 1 1 0 1 1 2 1 0 0 3 1 0 1 1 0 0 1 0 0 0 0 0 0 0 0 1 0 0 0 0 0 2 0 0 0 0 0 0 0 0 0 0 0 0 0 0 0 0 0 0 0 0 0 0 0 0 0 0 0 0 0 0 0 0 0 1 0 0 0 0 
2017-12-26 4517 583 88 414 209 63 13 30 0 25 6 11 16 3 7 4 3 2 3 2 3 5 1 4 4 2 0 0 0 3 0 0 0 0 0 0 1 0 0 0 0 0 0 0 0 0 0 0 0 0 0 0 0 1 1 1 0 0 0 0 0 0 1 0 0 0 0 0 0 0 0 0 0 0 0 0 0 0 0 0 0 0 0 0 0 0 0 
2017-12-27 2891 373 61 311 178 40 10 12 0 15 6 5 8 6 8 1 3 3 4 3 2 2 2 0 1 0 2 2 0 1 0 1 0 0 1 0 0 3 1 2 1 0 0 0 0 0 0 0 0 0 1 0 0 0 0 0 0 0 0 0 0 0 0 0 0 0 0 0 0 0 0 0 0 0 0 0 0 0 0 0 0 0 0 0 0 0 0 
2017-12-28 4389 622 131 713 315 97 17 36 0 17 14 10 12 10 10 10 14 4 6 4 6 4 1 1 7 2 1 2 1 7 0 0 0 0 0 0 0 1 0 0 0 0 0 0 0 0 0 0 0 0 0 0 0 0 0 0 0 0 0 0 0 0 0 0 0 0 1 0 0 0 0 0 0 0 0 0 0 0 0 0 0 0 0 0 0 0 0 
2017-12-29 3632 453 76 456 199 69 17 30 0 11 13 5 9 5 9 7 9 1 3 0 5 2 1 2 2 1 6 0 0 6 0 1 0 0 0 0 0 0 3 0 0 0 0 0 2 0 0 0 0 0 0 0 0 0 0 0 0 0 0 0 0 0 0 0 0 0 0 0 0 0 0 0 0 0 0 0 0 0 0 0 0 0 0 0 0 0 0 
2017-12-30 1919 249 64 280 123 42 11 13 0 14 3 3 5 4 8 0 1 5 1 2 1 1 0 2 0 2 3 0 2 3 0 0 0 1 0 0 0 0 0 1 0 0 0 0 0 0 0 0 0 0 0 0 0 0 0 0 0 0 0 0 0 0 0 0 0 0 0 0 0 1 0 0 0 0 0 0 0 0 0 0 0 0 0 0 0 0 0 
2017-12-31 2070 246 46 232 79 32 8 14 0 10 5 2 3 4 5 2 1 0 3 1 2 2 0 1 1 0 4 0 0 1 0 0 0 1 0 0 0 1 0 0 0 0 0 0 0 0 0 0 0 0 0 0 0 0 0 0 0 0 0 0 0 0 0 0 0 0 0 0 0 0 0 0 0 0 0 0 0 0 0 0 0 0 0 0 0 0 0 
2018-1-1 30 7 0 6 4 0 1 0 0 0 0 0 0 0 0 0 0 0 0 0 0 0 0 0 0 0 0 0 0 1 0 0 0 0 0 0 0 0 0 0 0 0 0 0 0 0 0 0 0 0 0 0 0 0 0 0 0 0 0 0 0 0 0 0 0 0 0 0 0 0 0 0 0 0 0 0 0 0 0 0 0 0 0 0 0 0 0 
2018-1-2 0 0 0 0 0 0 0 0 0 0 0 0 0 0 0 0 0 0 0 0 0 0 0 0 0 0 0 0 0 0 0 0 0 0 0 0 0 0 0 0 0 0 0 0 0 0 0 0 0 0 0 0 0 0 0 0 0 0 0 0 0 0 0 0 0 0 0 0 0 0 0 0 0 0 0 0 0 0 0 0 0 0 0 0 0 0 0 
2018-1-3 0 0 0 0 0 0 0 0 0 0 0 0 0 0 0 0 0 0 0 0 0 0 0 0 0 0 0 0 0 0 0 0 0 0 0 0 0 0 0 0 0 0 0 0 0 0 0 0 0 0 0 0 0 0 0 0 0 0 0 0 0 0 0 0 0 0 0 0 0 0 0 0 0 0 0 0 0 0 0 0 0 0 0 0 0 0 0 
2018-1-4 0 0 0 0 0 0 0 0 0 0 0 0 0 0 0 0 0 0 0 0 0 0 0 0 0 0 0 0 0 0 0 0 0 0 0 0 0 0 0 0 0 0 0 0 0 0 0 0 0 0 0 0 0 0 0 0 0 0 0 0 0 0 0 0 0 0 0 0 0 0 0 0 0 0 0 0 0 0 0 0 0 0 0 0 0 0 0 
2018-1-5 0 0 0 0 0 0 0 0 0 0 0 0 0 0 0 0 0 0 0 0 0 0 0 0 0 0 0 0 0 0 0 0 0 0 0 0 0 0 0 0 0 0 0 0 0 0 0 0 0 0 0 0 0 0 0 0 0 0 0 0 0 0 0 0 0 0 0 0 0 0 0 0 0 0 0 0 0 0 0 0 0 0 0 0 0 0 0 
2018-1-6 1416 170 26 265 73 38 12 9 0 11 4 2 3 3 2 0 1 3 3 1 0 0 3 2 1 0 1 1 1 0 0 1 0 1 0 0 0 1 0 0 0 0 0 2 1 0 0 0 0 0 0 0 0 0 1 0 0 0 0 0 0 0 0 0 0 0 0 0 0 0 0 0 0 0 0 0 0 0 0 0 0 0 0 0 0 0 0 
2018-1-7 1762 218 39 339 95 46 8 23 0 2 8 6 5 3 1 2 7 4 1 3 6 1 3 0 1 2 2 0 0 0 0 0 0 1 0 0 1 0 2 1 0 0 2 4 0 0 0 0 0 0 0 0 0 0 0 0 0 0 0 0 0 0 0 0 0 1 0 0 0 0 0 0 0 0 0 0 0 0 0 0 0 0 0 0 0 0 0 
2018-1-8 1025 121 59 348 70 50 7 13 0 7 11 7 2 6 6 6 6 4 1 1 0 0 4 3 3 4 2 1 2 2 0 0 0 0 1 0 0 0 0 0 1 0 0 4 0 0 0 0 0 0 0 0 0 0 0 0 0 0 0 1 0 0 0 0 0 0 0 0 0 0 0 0 0 0 1 0 0 0 0 0 0 0 0 0 0 0 0 
2018-1-9 3140 375 74 595 193 80 14 33 0 21 13 7 11 7 4 10 6 9 6 3 3 3 4 3 2 3 2 0 1 1 0 0 0 1 1 0 2 1 0 0 0 0 1 7 0 0 1 1 0 0 0 0 1 0 0 0 0 0 0 1 0 0 0 0 0 0 0 0 0 0 0 0 0 0 0 0 0 0 0 0 0 0 0 0 0 0 0 
2018-1-10 2564 312 55 445 137 74 14 30 0 13 10 7 6 4 3 3 7 7 4 2 2 1 4 3 2 2 2 1 2 1 0 0 1 0 0 0 1 1 1 0 0 0 0 3 1 0 0 2 0 0 0 0 0 1 0 0 0 0 0 0 0 0 0 0 0 0 0 0 0 0 0 0 0 0 0 0 0 0 0 0 0 0 0 0 0 0 0 
2018-1-11 3813 462 69 543 219 91 14 26 0 14 15 12 10 3 8 3 2 8 5 7 1 4 2 2 2 2 2 1 0 0 0 0 0 0 1 0 0 0 0 0 1 4 0 3 1 0 0 1 0 0 0 1 0 1 0 0 0 0 1 0 0 0 0 0 0 0 0 0 0 0 0 0 0 0 0 0 0 0 0 0 0 0 0 0 0 0 0 
2018-1-12 3485 409 47 541 204 77 12 23 0 18 10 12 8 2 5 2 2 5 4 3 2 2 3 3 4 2 2 0 0 0 0 0 0 0 0 0 0 1 2 0 0 2 1 2 0 0 0 0 0 0 0 0 0 1 0 0 0 0 0 0 0 0 0 0 0 0 0 0 0 0 0 0 0 0 0 0 0 0 0 0 0 0 0 0 0 0 0 
2018-1-13 4298 449 41 502 227 55 9 32 0 22 8 2 12 5 4 7 5 5 3 1 5 3 3 0 3 0 1 2 0 1 0 0 0 0 0 0 0 1 1 0 1 4 0 1 0 0 0 0 0 0 0 0 0 0 0 0 0 0 0 0 0 0 0 0 0 0 0 0 0 0 0 0 0 0 0 0 0 0 0 0 0 0 0 0 0 0 0 
2018-1-14 2800 303 37 366 143 44 9 14 0 14 5 3 6 1 4 4 5 1 3 2 7 2 2 0 0 1 1 0 0 1 0 0 0 0 0 0 0 0 0 0 0 4 0 0 0 0 0 0 0 0 0 0 0 0 1 1 0 0 0 0 0 0 0 1 0 0 0 0 0 0 0 0 0 0 0 0 0 0 0 0 0 0 0 0 0 0 0 
2018-1-15 1780 195 37 300 87 33 7 13 0 9 5 5 2 5 1 0 3 2 2 3 2 5 3 2 2 1 4 3 2 0 0 1 0 0 0 0 0 1 0 0 0 2 0 0 0 0 0 0 0 0 0 0 0 0 0 0 0 0 0 0 0 0 0 0 0 0 0 0 0 0 0 0 0 0 0 0 0 0 0 0 0 0 0 0 0 0 0 
2018-1-16 3514 375 56 558 183 81 17 26 1 13 11 10 14 8 5 2 6 1 6 5 4 3 2 2 5 0 1 0 1 0 0 0 0 0 1 0 0 2 0 1 0 4 0 0 0 0 1 1 0 0 0 0 0 0 0 0 0 0 0 0 0 0 0 0 0 0 0 0 0 0 0 0 0 0 0 0 0 0 0 0 0 0 0 0 0 0 0 
2018-1-17 3090 330 45 506 198 55 9 24 2 8 19 16 3 6 3 4 5 5 6 5 2 2 2 2 4 0 1 1 1 1 1 2 0 0 1 0 0 0 1 0 2 4 0 0 0 0 0 0 0 0 0 0 0 0 0 0 0 0 0 0 0 0 0 0 0 0 0 0 0 0 0 0 0 0 0 0 0 0 0 0 0 0 0 0 0 0 0 
2018-1-18 2991 357 46 455 156 70 5 21 6 16 7 17 2 9 4 2 4 2 4 5 2 2 2 4 3 0 1 0 5 1 1 0 0 0 0 0 0 0 0 1 0 3 0 0 0 0 0 0 1 0 0 0 0 0 0 0 0 0 0 0 0 0 0 0 0 0 0 0 0 0 0 0 0 0 0 0 0 0 0 0 0 0 0 0 0 0 0 
2018-1-19 3641 414 56 564 204 90 12 30 2 11 5 12 9 5 2 5 4 7 3 9 4 3 4 1 1 2 2 3 1 1 0 1 0 0 0 0 1 0 0 0 1 0 0 1 1 0 0 0 0 0 2 1 0 0 0 0 0 0 0 0 0 0 0 0 0 0 0 0 0 0 0 1 0 0 0 0 0 0 0 0 0 0 0 0 0 0 0 
2018-1-20 4363 439 40 535 244 72 13 23 6 17 14 8 12 5 5 4 3 4 3 1 2 3 0 2 1 2 1 1 0 0 3 0 0 0 1 0 0 0 0 0 0 0 0 2 0 0 0 0 0 0 0 0 0 0 0 0 0 0 0 0 0 0 0 0 0 0 0 0 0 0 0 0 0 0 0 0 0 0 0 0 0 0 0 0 1 0 0 
2018-1-21 4296 416 38 555 223 62 9 21 3 16 9 6 17 6 4 5 5 2 3 2 1 5 1 1 2 1 0 0 0 0 0 0 0 2 0 1 0 0 0 0 0 2 1 0 1 0 0 0 0 0 1 0 0 0 0 0 0 0 0 0 0 0 0 0 0 1 0 0 0 0 0 0 0 0 0 0 0 0 0 0 0 0 0 0 0 0 0 
2018-1-22 2206 234 38 378 100 46 7 17 7 5 13 3 4 5 6 2 2 8 4 1 1 2 4 3 0 1 0 2 1 1 0 1 0 0 0 0 0 1 1 0 0 0 1 1 0 0 0 0 0 0 0 1 0 0 0 0 1 0 0 0 0 0 0 0 0 0 0 0 0 0 0 0 0 0 0 1 0 0 0 0 0 0 0 0 0 0 0 
2018-1-23 2910 258 37 404 128 55 13 12 9 22 11 4 6 3 6 4 1 5 2 4 3 1 2 3 2 0 1 2 1 1 0 1 0 0 0 0 0 0 0 1 0 1 0 0 0 0 0 0 0 0 0 0 0 0 0 0 0 0 0 0 0 0 0 0 0 0 0 0 0 0 0 0 0 0 0 0 0 0 0 0 0 0 0 0 0 0 0 
2018-1-24 1171 95 33 217 46 29 5 8 24 8 12 4 3 2 1 6 1 0 1 3 1 1 1 3 2 1 0 0 2 0 0 0 0 0 2 0 0 0 0 0 0 0 1 0 0 0 0 0 0 0 0 0 0 0 0 0 0 0 0 0 0 0 0 0 0 0 0 0 0 0 0 0 0 0 0 0 0 0 0 0 0 0 0 0 0 0 0 
2018-1-25 1678 183 29 268 120 40 7 21 90 12 10 3 3 5 2 5 0 2 1 3 2 1 2 1 2 3 0 0 1 0 0 0 0 0 0 0 0 0 0 2 0 0 0 0 0 0 0 0 0 0 0 0 0 0 0 0 0 0 0 0 0 0 0 0 0 0 0 0 0 0 0 0 0 0 0 0 0 0 0 0 0 0 0 0 0 0 0 
2018-1-26 3425 338 53 316 199 61 13 28 165 18 15 6 8 7 6 0 1 1 2 2 3 3 1 0 1 2 1 0 0 0 0 0 0 0 0 0 0 0 0 1 0 0 0 0 0 0 0 1 0 0 0 0 0 0 0 0 0 0 0 0 0 0 0 0 0 0 0 0 0 0 0 0 0 0 0 0 0 0 0 0 0 0 0 0 0 0 0 
2018-1-27 2357 258 26 217 125 51 4 14 133 8 11 6 6 2 7 2 5 2 1 1 3 2 4 4 0 3 1 0 1 0 0 0 0 0 0 0 2 2 0 1 0 0 0 0 0 0 0 0 0 0 0 0 0 0 0 0 0 1 0 0 0 0 0 0 0 0 0 0 0 0 0 0 0 0 0 0 0 0 0 0 0 0 0 0 0 0 0 
2018-1-28 2033 205 30 224 117 44 6 15 158 12 13 10 3 2 6 2 0 0 3 2 1 0 0 1 1 3 1 1 2 0 0 0 0 0 0 0 0 0 1 1 0 0 0 0 0 0 0 0 0 0 1 0 0 1 0 0 0 0 0 0 0 0 0 0 0 0 0 0 0 0 0 0 0 0 0 0 0 0 0 0 0 0 0 0 0 0 0 
2018-1-29 1383 144 39 212 90 66 10 16 172 13 18 9 2 5 3 0 2 2 3 0 2 0 1 0 6 2 0 1 0 0 2 0 0 0 0 0 1 0 0 2 0 0 0 0 0 0 0 0 0 0 0 0 0 0 0 0 0 0 1 0 0 0 0 0 1 0 0 0 0 0 0 0 0 0 0 0 0 0 0 0 0 0 0 0 0 0 0 
2018-1-30 3188 329 48 278 192 66 13 19 232 13 11 9 9 10 6 1 8 2 6 4 3 3 3 3 2 2 1 0 1 1 1 1 0 0 2 0 1 0 0 5 0 0 0 0 1 0 1 0 0 0 0 0 0 0 0 0 0 0 0 1 0 0 0 0 0 0 0 0 0 0 0 0 0 0 0 0 1 0 0 0 0 0 0 0 0 0 0 
2018-1-31 2839 336 42 216 201 84 6 21 229 20 12 6 6 5 12 5 2 2 1 7 1 3 2 2 2 2 0 2 1 0 0 0 0 0 0 0 0 0 0 3 0 0 0 0 0 0 0 0 0 1 0 0 0 0 0 1 0 0 0 0 0 0 0 0 0 0 0 0 0 1 0 1 0 0 0 0 0 0 0 0 0 0 0 0 0 0 0 
2018-2-1 2480 267 34 181 139 49 14 15 229 11 6 11 10 4 5 3 3 5 1 3 2 3 2 6 3 2 0 1 1 0 0 1 0 1 0 0 0 0 0 7 2 0 0 0 0 0 0 0 1 0 0 0 0 0 0 0 0 0 0 0 0 0 0 0 0 0 0 0 0 0 0 0 0 0 0 0 0 0 0 0 0 0 0 0 0 0 0 
2018-2-2 2071 227 21 132 138 59 12 24 190 15 6 5 12 3 2 1 5 4 3 2 2 1 1 2 0 0 0 0 0 0 0 3 0 0 0 0 0 0 0 2 0 0 0 0 0 0 0 0 0 0 0 1 1 0 0 0 0 0 0 0 0 0 0 0 0 0 0 0 0 0 0 0 0 0 0 0 0 0 0 0 0 0 0 0 0 0 0 
2018-2-3 2448 255 14 68 144 34 2 14 193 16 8 6 4 2 3 4 1 0 2 2 1 1 0 0 1 1 1 2 0 1 0 0 0 0 0 0 0 0 0 3 0 1 0 0 0 0 0 0 0 0 1 1 0 0 0 0 0 0 0 0 0 0 0 0 0 0 0 0 0 0 0 0 0 0 0 0 1 0 0 0 0 0 0 0 0 0 0 
2018-2-4 0 0 0 0 0 0 0 0 0 0 0 0 0 0 0 0 0 0 0 0 0 0 0 0 0 0 0 0 0 0 0 0 0 0 0 0 0 0 0 0 0 0 0 0 0 0 0 0 0 0 0 0 0 0 0 0 0 0 0 0 0 0 0 0 0 0 0 0 0 0 0 0 0 0 0 0 0 0 0 0 0 0 0 0 0 0 0 
2018-2-5 0 0 0 0 0 0 0 0 0 0 0 0 0 0 0 0 0 0 0 0 0 0 0 0 0 0 0 0 0 0 0 0 0 0 0 0 0 0 0 0 0 0 0 0 0 0 0 0 0 0 0 0 0 0 0 0 0 0 0 0 0 0 0 0 0 0 0 0 0 0 0 0 0 0 0 0 0 0 0 0 0 0 0 0 0 0 0 
