Latin_Chinese_Arabic_Devanagari_Cyrillic_Bengali/Assamese_Kana_Gurmukhi_Javanese_Hangul_Telugu_Tamil_Malayalam_Burmese_Thai_Sundanese_Kannada_Gujarati_Lao_Odia_Ge-ez_Sinhala_Armenian_Khmer_Greek_Lontara_Hebrew_Tibetan_Georgian_Modern_Yi_Mongolian_Tifinagh_Syriac_Thaana_Inuktitut_Cherokee Latin_Chinese_Arabic_Devanagari_Cyrillic_Bengali/Assamese_Kana_Gurmukhi_Hangul_Telugu_Tamil_Malayalam_Thai_Kannada_Gujarati_Lao_Odia_Ge-ez_Sinhala_Armenian_Khmer_Greek_Hebrew_Tibetan_Georgian_Modern_Yi_Mongolian_Tifinagh_Syriac_Inuktitut_Cherokee Latin_Chinese_Arabic_Devanagari_Cyrillic_Bengali/Assamese_Kana_Gurmukhi_Hangul_Telugu_Tamil_Malayalam_Burmese_Thai_Kannada_Gujarati_Lao_Odia_Ge-ez_Sinhala_Armenian_Khmer_Greek_Hebrew_Tibetan_Georgian_Modern_Yi_Mongolian_Tifinagh_Syriac_Inuktitut_Cherokee Latin_Arabic_Devanagari_Cyrillic_Bengali/Assamese_Gurmukhi_Hangul_Telugu_Tamil_Malayalam_Burmese_Thai_Kannada_Gujarati_Lao_Odia_Ge-ez_Sinhala_Armenian_Khmer_Greek_Hebrew_Tibetan_Georgian_Modern_Yi_Mongolian_Tifinagh_Inuktitut_Cherokee others
2017-11-21 37.337 0.522 2.611 0.261 59.269 
2017-11-22 43.919 1.479 1.037 0.584 52.981 
2017-11-23 45.743 1.476 0.939 0.566 51.276 
2017-11-24 49.710 1.668 1.128 0.618 46.877 
2017-11-25 54.345 2.099 1.100 0.633 41.822 
2017-11-26 57.174 1.838 0.941 0.605 39.441 
2017-11-27 44.913 1.471 1.129 0.705 51.782 
2017-11-28 45.011 1.321 1.221 0.598 51.849 
2017-11-29 39.413 1.302 1.408 0.661 57.216 
2017-11-30 47.747 1.328 1.332 0.601 48.992 
2017-12-1 48.200 1.346 0.863 0.429 49.162 
2017-12-2 53.104 1.518 0.833 0.557 43.987 
2017-12-3 55.062 1.531 0.909 0.535 41.963 
2017-12-4 43.993 1.076 1.200 0.521 53.209 
2017-12-5 47.642 1.277 0.959 0.532 49.590 
2017-12-6 48.470 1.304 0.979 0.467 48.781 
2017-12-7 49.770 1.019 0.933 0.486 47.791 
2017-12-8 51.153 1.211 0.771 0.395 46.471 
2017-12-9 56.944 1.518 0.731 0.478 40.329 
2017-12-10 56.157 1.444 0.818 0.451 41.130 
2017-12-11 46.142 1.219 1.019 0.520 51.101 
2017-12-12 51.116 1.003 0.937 0.414 46.530 
2017-12-13 49.300 0.982 0.862 0.423 48.433 
2017-12-14 52.978 0.809 0.818 0.312 45.083 
2017-12-15 49.412 1.544 1.003 0.482 47.559 
2017-12-16 62.401 1.315 0.710 0.391 35.183 
2017-12-17 62.337 1.147 0.622 0.486 35.407 
2017-12-18 49.127 0.994 0.908 0.425 48.546 
2017-12-19 50.897 1.162 0.904 0.512 46.526 
2017-12-20 50.912 1.195 1.103 0.486 46.304 
2017-12-21 52.592 1.280 0.962 0.516 44.650 
2017-12-22 53.924 1.696 0.901 0.656 42.822 
2017-12-23 53.593 1.840 0.880 0.603 43.084 
2017-12-24 49.464 1.622 0.918 0.582 47.414 
2017-12-25 52.755 1.738 0.579 0.318 44.610 
2017-12-26 59.663 1.342 0.720 0.436 37.839 
2017-12-27 56.094 1.545 0.739 0.426 41.195 
2017-12-28 49.909 1.659 1.032 0.481 46.919 
2017-12-29 53.655 1.375 0.794 0.404 43.771 
2017-12-30 51.010 1.386 0.856 0.436 46.312 
2017-12-31 55.433 0.962 0.647 0.314 42.643 
2018-1-1 46.643 1.413 0.707 0.000 51.237 
2018-1-2 0.000 0.000 0.000 0.000 100.000 
2018-1-3 0.000 0.000 0.000 0.000 100.000 
2018-1-4 0.000 0.000 0.000 0.000 100.000 
2018-1-5 0.000 0.000 0.000 0.000 100.000 
2018-1-6 45.861 0.941 0.716 0.348 52.133 
2018-1-7 47.393 1.171 1.190 0.551 49.695 
2018-1-8 33.094 0.829 1.360 0.587 64.130 
2018-1-9 45.837 1.298 1.093 0.488 51.283 
2018-1-10 47.844 1.089 1.095 0.525 49.447 
2018-1-11 48.734 1.221 0.885 0.410 48.750 
2018-1-12 50.199 1.331 0.887 0.416 47.166 
2018-1-13 57.480 1.344 0.769 0.351 40.057 
2018-1-14 57.130 1.257 0.629 0.351 40.634 
2018-1-15 49.478 0.920 0.990 0.351 48.262 
2018-1-16 50.831 1.164 0.940 0.465 46.600 
2018-1-17 48.924 1.248 0.947 0.354 48.527 
2018-1-18 50.270 1.147 0.917 0.443 47.222 
2018-1-19 49.147 1.320 0.898 0.462 48.173 
2018-1-20 57.197 1.520 0.758 0.372 40.153 
2018-1-21 59.721 1.493 0.697 0.396 37.694 
2018-1-22 48.307 0.943 0.979 0.356 49.416 
2018-1-23 51.019 1.040 0.840 0.347 46.755 
2018-1-24 40.794 0.628 1.416 0.339 56.824 
2018-1-25 47.203 1.331 1.062 0.429 49.975 
2018-1-26 50.719 1.453 0.914 0.431 46.483 
2018-1-27 53.509 1.374 0.957 0.502 43.658 
2018-1-28 51.077 1.525 1.154 0.482 45.762 
2018-1-29 38.552 1.057 1.424 0.582 58.384 
2018-1-30 49.851 1.495 0.989 0.506 47.160 
2018-1-31 48.942 1.793 1.195 0.634 47.436 
2018-2-1 50.038 1.491 1.220 0.485 46.765 
2018-2-2 50.856 1.712 1.102 0.752 45.578 
2018-2-3 57.674 1.931 0.805 0.514 39.076 
2018-2-4 58.251 1.880 0.985 0.530 38.355 
2018-2-5 45.439 1.436 1.240 0.605 51.279 
2018-2-6 45.655 1.362 1.270 0.691 51.021 
2018-2-7 45.923 1.691 1.378 0.501 50.506 
2018-2-8 45.587 1.491 1.421 0.584 50.917 
2018-2-9 50.137 1.642 1.119 0.628 46.475 
2018-2-10 59.380 2.020 0.984 0.535 37.080 
2018-2-11 55.654 1.986 0.875 0.494 40.992 
2018-2-12 43.444 1.127 1.198 0.455 53.775 
2018-2-13 44.913 1.416 1.376 0.529 51.765 
2018-2-14 45.094 1.357 1.260 0.484 51.805 
2018-2-15 45.569 1.433 1.334 0.551 51.113 
2018-2-16 45.621 1.371 1.052 0.437 51.519 
2018-2-17 60.601 1.747 0.805 0.461 36.386 
2018-2-18 57.229 1.306 0.969 0.525 39.970 
2018-2-19 40.487 1.165 1.178 0.523 56.647 
2018-2-20 37.308 0.728 1.496 0.424 60.044 
2018-2-21 0.000 0.000 0.000 0.000 100.000 
2018-2-22 0.000 0.000 0.000 0.000 100.000 
