2017-9-29 0.0107238605898 0.0 0.0 0.0 0.0 0.0 0.0 0.0
2017-9-30 0.02002002002 0.0 0.0031847133758 0.031746031746 0.0 0.0 0.210526315789 0.0
2017-10-1 0.0116071428571 0.0 0.00123762376238 0.0322580645161 0.0 0.0 0.00613496932515 0.0
2017-10-2 0.00391717963067 0.0 0.0 0.0 0.0 0.0 0.00840336134454 0.0
2017-10-3 0.00266844563042 0.0 0.0 0.0 0.0 0.0 0.0049504950495 0.0
2017-10-4 0.0015625 0.0 0.0 0.00684931506849 0.0 0.0 0.0016077170418 0.0
2017-10-5 0.00275798666973 0.0 0.0 0.00487804878049 0.0 0.0 0.0 0.0
2017-10-6 0.000839865621501 0.0 0.0 0.0 0.0 0.0 0.0 0.0
2017-10-7 0.000512557662737 0.0 0.0 0.0 0.0 0.0 0.0 0.0
2017-10-8 0.00180505415162 0.0 0.0 0.0 0.0 0.0 0.0 0.0
2017-10-9 0.000746083063914 0.0 0.0 0.0 0.0 0.0 0.0 0.0
2017-10-10 0.000207168013259 0.0 0.0 0.0 0.0 0.0 0.0 0.0
2017-10-11 0.000416666666667 0.0 0.0 0.0 0.0 0.0 0.0 0.0
2017-10-12 0.000248570718369 0.0 0.0 0.0 0.0 0.0 0.0 0.0
2017-10-13 0.000596480763495 0.0 0.0 0.0 0.0 0.0 0.0 0.0
2017-10-14 0.0 0.0 0.0 0.0 0.002849002849 0.0 0.0 0.0
2017-10-15 0.000433839479393 0.0 0.0 0.0 0.0 0.0 0.0 0.0
2017-10-16 0.000262191924489 0.0 0.000320821302534 0.00657894736842 0.0 0.0 0.00142247510669 0.0
2017-10-17 0.0 0.0 0.0 0.0 0.0 0.0 0.00174520069808 0.0
2017-10-18 0.0 0.0 0.0 0.0 0.0 0.0 0.0 0.0
2017-10-19 0.000230574129583 0.0 0.0 0.0 0.0 0.0 0.0 0.0
2017-10-20 0.0 0.0 0.0 0.0 0.0 0.0 0.0 0.0
2017-10-21 0.0 0.0 0.0 0.00689655172414 0.0 0.0 0.00102040816327 0.0
2017-10-22 0.000342935528121 0.0 0.0 0.00558659217877 0.0 0.0 0.00153374233129 0.0
2017-10-23 0.000422922393741 0.0 0.0 0.0 0.0 0.0 0.0 0.0
2017-10-24 0.000197511356903 0.0 0.0 0.00423728813559 0.0 0.0 0.0 0.0
2017-10-25 0.000266311584554 0.0 0.0 0.0 0.00121951219512 0.0 0.0 0.0
2017-10-26 0.000540540540541 0.0 0.0 0.0 0.0 0.0 0.0 0.0
2017-10-27 0.0 0.0 0.0 0.0 0.0 0.0 0.0 0.0
2017-10-28 0.0 0.0 0.0 0.0 0.0 0.0 0.001287001287 0.0
2017-10-29 0.000284010224368 0.0 0.0 0.0 0.0 0.0 0.0 0.0
2017-10-30 0.000537345513165 0.0 0.0 0.0 0.0 0.0 0.0 0.0
2017-10-31 0.000694565028651 0.0 0.000272479564033 0.0 0.000210526315789 0.0 0.000948766603416 0.0
2017-11-1 0.000391772771792 0.0 0.0 0.0 0.000270929287456 0.0 0.0 0.0
2017-11-2 0.000186846038864 0.0 0.0 0.0 0.000194931773879 0.0 0.0 0.0
2017-11-3 0.00109869987182 0.0 0.000283687943262 0.0 0.000288933834152 0.0 0.00108342361863 0.0
2017-11-4 0.0014598540146 0.0 0.0 0.0 0.000235017626322 0.0 0.00107066381156 0.0
2017-11-5 0.00151810887009 0.0 0.0 0.00613496932515 0.0 0.0 0.000965250965251 0.0
2017-11-6 0.000484027105518 0.0 0.0 0.0049504950495 0.000248447204969 0.0 0.0 0.0
2017-11-7 0.000616808018504 0.0 0.0 0.00478468899522 0.0 0.0 0.0 0.0
2017-11-8 0.000964320154291 0.0 0.0 0.0 0.000263227165043 0.0 0.000960614793468 0.0
2017-11-9 0.000850701829009 0.0 0.0 0.00369003690037 0.000346200450061 0.0 0.000692041522491 0.0
2017-11-10 0.00147849462366 0.0 0.0 0.00361010830325 0.000159083678015 0.0 0.000574382538771 0.0
2017-11-11 0.000613999181334 0.0 0.0 0.0106951871658 0.000396982929734 0.0 0.00251677852349 0.0
2017-11-12 0.00149309443822 0.0 0.0 0.0123456790123 0.000368256306389 0.0 0.000717360114778 0.0
2017-11-13 0.00132314025287 0.0 0.0 0.0084388185654 0.000428357249946 0.0 0.000728862973761 0.0
2017-11-14 0.00089272429698 0.0 0.0 0.0 0.000628272251309 0.0 0.0 0.0
2017-11-15 0.000269323996768 0.0 0.000215703192407 0.0 0.000183992640294 0.0 0.000572082379863 0.0
2017-11-16 0.000409276944065 0.0 0.000213356091316 0.0 0.000562429696288 0.0 0.00127795527157 0.0
2017-11-17 0.000706214689266 0.0 0.0 0.0 0.000178635226867 0.0 0.000611620795107 0.0
2017-11-18 0.000456100342075 0.0 0.0 0.0 0.0 0.0 0.0 0.0
2017-11-19 0.00101755278555 0.0 0.0 0.00636942675159 0.0 0.0 0.0 0.0
2017-11-20 0.000989119683482 0.0 0.0 0.0 0.000689179875948 0.0 0.0 0.0
2017-11-21 0.000401203610832 0.0 0.0 0.0 0.000333333333333 0.0 0.0 0.0
2017-11-22 0.000590841949778 0.0 0.0 0.00438596491228 0.000223813786929 0.0 0.000835421888053 0.0
2017-11-23 0.000601684717208 0.0 0.00023786869648 0.0 0.000197160883281 0.0 0.0015923566879 0.0
2017-11-24 0.000293772032902 0.0 0.000615510874025 0.0 0.000307266861269 0.0 0.0 0.0
2017-11-25 0.000767606985224 0.0 0.000277008310249 0.0 0.0 0.0 0.000750750750751 0.0
2017-11-26 0.000314564328405 0.0 0.0 0.00442477876106 0.000572573718866 0.0 0.0 0.0
2017-11-27 0.000429491768074 0.0 0.0 0.0 0.0 0.0 0.000728862973761 0.0
2017-11-28 0.000637958532695 0.0 0.000242248062016 0.0 0.0 0.0 0.0 0.0
2017-11-29 0.000185288123031 0.0 0.0 0.0 0.0 0.0 0.0012987012987 0.0
2017-11-30 0.00031051079025 0.0 0.0 0.0 0.000195083886071 0.0 0.0 0.0
2017-12-1 0.00108292079208 0.0 0.000201572263657 0.0 0.000760890241583 0.0 0.0013201320132 0.0
2017-12-2 0.00110399646721 0.0 0.0 0.0 0.000716332378223 0.0 0.0 0.0
2017-12-3 0.000367714653429 0.0 0.0 0.00454545454545 0.000536768652711 0.0 0.00134048257373 0.0
2017-12-4 0.000302709247768 0.0 0.000211371803001 0.0 0.0 0.0 0.0 0.0
2017-12-5 0.000765696784074 0.0 0.0 0.00367647058824 0.0003314001657 0.0 0.0 0.0
2017-12-6 0.000616617851087 0.0 0.0 0.0 0.000392310710082 0.0 0.000728862973761 0.0
2017-12-7 0.000226551880381 0.0 0.0 0.0 0.000629921259843 0.0 0.0019801980198 0.0
2017-12-8 0.000630815328812 0.0 0.000414937759336 0.0 0.000394244037059 0.0 0.00116482236459 0.0
2017-12-9 0.000550559735731 0.0 0.000250563768479 0.0 0.0 0.0 0.0 0.0
2017-12-10 0.000796178343949 0.0 0.0 0.0 0.0 0.0 0.000648088139987 0.0
2017-12-11 0.000557103064067 0.0 0.0 0.0 0.000559492726595 0.0 0.00064308681672 0.0
2017-12-12 0.00149508756941 0.0 0.0 0.0 0.000290951411114 0.0 0.00182982616651 0.0
2017-12-13 0.000547245530828 0.0 0.000495540138751 0.0 0.000248818113959 0.0 0.00074294205052 0.0
2017-12-14 0.00129827977929 0.0 0.0 0.0 0.00046992481203 0.0 0.00126262626263 0.0
2017-12-15 0.00067521944632 0.0 0.0 0.0 0.0 0.0 0.0 0.0
2017-12-16 0.00119736579525 0.0 0.0 0.0 0.0 0.0 0.00115074798619 0.0
2017-12-17 0.00197706603401 0.0 0.0 0.0103092783505 0.0 0.0 0.0 0.0
2017-12-18 0.00126742712294 0.0 0.000269978401728 0.0 0.000291800408521 0.0 0.000905797101449 0.0
2017-12-19 0.00133177959048 0.0 0.000238095238095 0.0 0.00111259457054 0.0 0.0 0.0
2017-12-20 0.000720980533526 0.0 0.000394944707741 0.00350877192982 0.000334896182184 0.0 0.000645577792124 0.0
2017-12-21 0.00146365262644 0.0 0.000241837968561 0.0 0.00092030185901 0.0 0.0 0.0
2017-12-22 0.00210526315789 0.0 0.0 0.0 0.000278551532033 0.0 0.00130890052356 0.0
2017-12-23 0.00174216027875 0.0 0.0 0.00617283950617 0.00028677946659 0.0 0.00130039011704 0.0
2017-12-24 0.000517598343685 0.0 0.00070126227209 0.0135135135135 0.0 0.0 0.0 0.0
2017-12-25 0.000745712155108 0.0 0.0 0.0 0.000457456541629 0.0 0.00155279503106 0.0
2017-12-26 0.00130256791961 0.0 0.0 0.0 0.00132736021238 0.0 0.0032637075718 0.0
2017-12-27 0.00141843971631 0.0 0.0 0.00877192982456 0.000252525252525 0.0 0.00335570469799 0.0
2017-12-28 0.00128102481986 0.0 0.000178062678063 0.00357142857143 0.000464252553389 0.0 0.000771604938272 0.0
2017-12-29 0.00194862710363 0.0 0.000225275963055 0.0 0.000794754619511 0.0 0.00132275132275 0.0
2017-12-30 0.0012084592145 0.0 0.0 0.0 0.000361794500724 0.0 0.0 0.0
2017-12-31 0.00318696883853 0.0 0.0 0.0 0.00036036036036 0.0 0.00124533001245 0.0
2018-1-1 0.0125 0.0 0.0 0.0 0.0 0.0 0.0625 0.0
2018-1-2 0.0 0.0 0.0 0.0 0.0 0.0 0.0 0.0
2018-1-3 0.0 0.0 0.0 0.0 0.0 0.0 0.0 0.0
2018-1-4 0.0 0.0 0.0 0.0 0.0 0.0 0.0 0.0
2018-1-5 0.0 0.0 0.0 0.0 0.0 0.0 0.0 0.0
2018-1-6 0.00238826339133 0.0 0.0 0.0 0.000972289742343 0.0 0.0 0.0
2018-1-7 0.000705965407695 0.0 0.0 0.0175438596491 0.000384911470362 0.0 0.0 0.0
2018-1-8 0.000807537012113 0.0 0.0 0.0 0.00169109357384 0.0 0.00255754475703 0.0
2018-1-9 0.00151006711409 0.0 0.000206228088266 0.0 0.000647948164147 0.0 0.0016992353441 0.0
2018-1-10 0.00176852033798 0.0 0.0 0.0 0.000536624631071 0.0 0.00193986420951 0.0
2018-1-11 0.00212434499363 0.0 0.0 0.003861003861 0.000560642870491 0.0 0.0 0.0
2018-1-12 0.00120752113162 0.0 0.000414336026518 0.00460829493088 0.000408830744072 0.0 0.0 0.0
2018-1-13 0.00302267002519 0.0 0.0 0.0042194092827 0.00105152471083 0.0 0.000593471810089 0.0
2018-1-14 0.00210921021795 0.0 0.00029744199881 0.00555555555556 0.00105708245243 0.0 0.000811688311688 0.0
2018-1-15 0.00307031010132 0.0 0.000351370344343 0.0 0.000397456279809 0.0 0.00266666666667 0.0
2018-1-16 0.00101694915254 0.0 0.000222172850478 0.0 0.000203376042302 0.0 0.0 0.0
2018-1-17 0.00162074554295 0.0 0.000215563699073 0.00487804878049 0.00068760027504 0.0 0.000804505229284 0.0
2018-1-18 0.0010781671159 0.0 0.0 0.0 0.000713775874375 0.0 0.00082850041425 0.0
2018-1-19 0.00189813350206 0.0 0.0 0.0 0.00058651026393 0.0 0.0 0.0
2018-1-20 0.00347349177331 0.0 0.0 0.0 0.000858074480865 0.0 0.000658761528327 0.0
2018-1-21 0.00152992924077 0.0 0.0 0.0 0.000699667657863 0.0 0.00126422250316 0.0
2018-1-22 0.00193965517241 0.0 0.0 0.0 0.000322476620445 0.0 0.0 0.0
2018-1-23 0.0 0.0 0.0 0.0 0.0 0.0 0.0 0.0
2018-1-24 0.0 0.0 0.0 0.0 0.0 0.0 0.0 0.0
2018-1-25 0.0 0.0 0.0 0.0 0.0 0.0 0.0 0.0
