2017-9-29 0.0268096514745 0.0 0.0697674418605 0.0 0.0701754385965 0.0 0.133333333333 0.0
2017-9-30 0.042042042042 0.0 0.119426751592 0.0634920634921 0.143939393939 0.0 0.105263157895 0.0
2017-10-1 0.0232142857143 0.0 0.0519801980198 0.0806451612903 0.0529411764706 0.0 0.0122699386503 0.0
2017-10-2 0.00839395635143 0.0 0.0229166666667 0.0147058823529 0.0330578512397 0.0 0.0 0.0
2017-10-3 0.00500333555704 0.0 0.0140449438202 0.032967032967 0.00232558139535 0.0 0.0 0.0
2017-10-4 0.00598958333333 0.0 0.00906453952139 0.027397260274 0.00898203592814 0.0 0.0 0.0
2017-10-5 0.0041369800046 0.0 0.00454219459718 0.00487804878049 0.00120192307692 0.0 0.0 0.25
2017-10-6 0.00195968645017 0.0 0.00259235255995 0.0 0.0 0.0 0.0 0.0
2017-10-7 0.00205023065095 0.0 0.00616142945163 0.012987012987 0.0025641025641 0.0 0.0 0.0
2017-10-8 0.00180505415162 0.0 0.00419507079182 0.018691588785 0.00353982300885 0.0 0.0 0.0
2017-10-9 0.000746083063914 0.0 0.00195439739414 0.0 0.00120627261761 0.0 0.0 0.0
2017-10-10 0.000828672053035 0.0 0.00106224771617 0.0 0.00182149362477 0.0 0.0 0.0
2017-10-11 0.000625 0.0 0.00100928542592 0.0 0.000833333333333 0.0 0.0 0.0
2017-10-12 0.000994282873478 0.0 0.000784929356358 0.0 0.00230946882217 0.0 0.000990099009901 0.0
2017-10-13 0.000298240381748 0.0 0.00119904076739 0.0 0.00179211469534 0.0 0.0 0.0
2017-10-14 0.0011068068622 0.0 0.00286944045911 0.0 0.002849002849 0.0 0.0 0.0
2017-10-15 0.000867678958785 0.0 0.00090991810737 0.0 0.00173010380623 0.0 0.0 0.0
2017-10-16 0.00157315154693 0.0 0.00320821302534 0.00657894736842 0.00131578947368 0.0 0.0 0.0
2017-10-17 0.00109319486198 0.0 0.0 0.0 0.00296296296296 0.0 0.0 0.0
2017-10-18 0.000493339911199 0.0 0.000947567909033 0.0 0.00589390962672 0.0 0.0 0.0
2017-10-19 0.000230574129583 0.0 0.00064253587492 0.0 0.00508905852417 0.0 0.000824402308326 0.0
2017-10-20 0.000294464075383 0.0 0.00031887755102 0.0 0.00283687943262 0.0 0.0 0.0
2017-10-21 0.00042662116041 0.0 0.0 0.00689655172414 0.0014245014245 0.0 0.0 0.0
2017-10-22 0.00137174211248 0.0 0.000541125541126 0.0 0.00328947368421 0.0 0.000766871165644 0.0
2017-10-23 0.000422922393741 0.0 0.000622277535781 0.00467289719626 0.00296150049358 0.0 0.0 0.0
2017-10-24 0.000395022713806 0.0 0.0 0.0 0.00233644859813 0.0 0.0 0.0
2017-10-25 0.0 0.0 0.00081654872074 0.0 0.00609756097561 0.0 0.00091407678245 0.0
2017-10-26 0.00027027027027 0.0 0.000554785020804 0.0 0.00131926121372 0.0 0.0 0.0
2017-10-27 0.000337723741979 0.0 0.0004095004095 0.0 0.0112359550562 0.0 0.0 0.0
2017-10-28 0.000947418285173 0.0 0.0 0.0 0.00510204081633 0.0 0.0 0.0
2017-10-29 0.000284010224368 0.0 0.000395882818686 0.0 0.00223546944858 0.0 0.0 0.0
2017-10-30 0.000537345513165 0.0 0.0 0.0 0.00102590407797 0.0 0.0 0.0
2017-10-31 0.0 0.0 0.000272479564033 0.0 0.00126315789474 0.0 0.0 0.0
2017-11-1 0.000195886385896 0.0 0.0 0.0 0.00270929287456 0.0 0.0 0.0
2017-11-2 0.000747384155456 0.0 0.000824402308326 0.0 0.00272904483431 0.0 0.0 0.0
2017-11-3 0.000549349935909 0.0 0.00113475177305 0.0117647058824 0.00375613984398 0.0 0.0 0.0
2017-11-4 0.0014598540146 0.0 0.00173010380623 0.0192307692308 0.0021151586369 0.0 0.0 0.0
2017-11-5 0.000650618087183 0.0 0.000658761528327 0.0 0.00271002710027 0.0 0.000965250965251 0.0
2017-11-6 0.00080671184253 0.0 0.00205233453053 0.0049504950495 0.00248447204969 0.0 0.0 0.0
2017-11-7 0.00077101002313 0.0 0.000252652854977 0.0 0.000785545954438 0.0 0.0 0.0
2017-11-8 0.00032144005143 0.0 0.000521648408972 0.00531914893617 0.00315872598052 0.0 0.0 0.0
2017-11-9 0.000567134552673 0.0 0.00129757785467 0.0 0.00190410247533 0.0 0.0 0.0
2017-11-10 0.0 0.0 0.000573284922607 0.0 0.00143175310213 0.0 0.0 0.0
2017-11-11 0.00122799836267 0.0 0.00142857142857 0.0106951871658 0.00138944025407 0.0 0.000838926174497 0.0
2017-11-12 0.00223964165733 0.0 0.00306591722024 0.0 0.00294605045111 0.0 0.0 0.0
2017-11-13 0.00176418700382 0.0 0.00246305418719 0.0 0.00171342899979 0.0 0.0 0.0
2017-11-14 0.00074393691415 0.0 0.00172754195459 0.0 0.00397905759162 0.0 0.0 0.1
2017-11-15 0.000538647993536 0.0 0.000862812769629 0.0 0.00294388224471 0.0 0.0 0.0
2017-11-16 0.0 0.0 0.000640068273949 0.0 0.00393700787402 0.0 0.0 0.0
2017-11-17 0.000423728813559 0.0 0.00132978723404 0.0 0.00392997499107 0.0 0.0 0.0
2017-11-18 0.000228050171038 0.0 0.0 0.0 0.00489662676823 0.0 0.0 0.0
2017-11-19 0.000254388196388 0.0 0.000357909806729 0.00636942675159 0.00443131462334 0.0 0.0 0.0
2017-11-20 0.000395647873393 0.0 0.00135272235374 0.0 0.00310130944176 0.0 0.0 0.0
2017-11-21 0.000401203610832 0.0 0.00104931794334 0.0 0.00366666666667 0.0 0.0 0.0
2017-11-22 0.000295420974889 0.0 0.00118511495615 0.0 0.00693822739481 0.0 0.0 0.0
2017-11-23 0.000451263537906 0.0 0.000951474785918 0.0 0.0051261829653 0.0 0.0 0.0
2017-11-24 0.000146886016451 0.0 0.000410340582684 0.0 0.00553080350284 0.0 0.0 0.0
2017-11-25 0.000383803492612 0.0 0.0 0.0 0.00464285714286 0.0 0.0 0.0
2017-11-26 0.000471846492608 0.0 0.000231535077564 0.0 0.00415115946178 0.0 0.000556483027268 0.0
2017-11-27 0.0 0.0 0.00060350030175 0.0 0.00522290617422 0.0 0.0 0.0
2017-11-28 0.000159489633174 0.0 0.000968992248062 0.00471698113208 0.00543832934523 0.0 0.000818330605565 0.0
2017-11-29 0.000370576246063 0.0 0.000270635994587 0.0 0.00453583308134 0.0 0.0 0.0
2017-11-30 0.000465766185375 0.0 0.00121065375303 0.0 0.00370659383535 0.0 0.0 0.0
2017-12-1 0.000464108910891 0.0 0.000403144527313 0.0 0.00532623169108 0.0 0.0 0.0
2017-12-2 0.000441598586885 0.0 0.0 0.0 0.00429799426934 0.0 0.0 0.0
2017-12-3 0.000735429306858 0.0 0.000238151940938 0.00454545454545 0.00429414922169 0.0 0.0 0.0
2017-12-4 0.000151354623884 0.0 0.000422743606003 0.00404858299595 0.00380398299396 0.0 0.0 0.0
2017-12-5 0.000127616130679 0.0 0.00109190172884 0.0 0.00414250207125 0.000764525993884 0.00120481927711 0.0
2017-12-6 0.0 0.0 0.000675067506751 0.0 0.00313848568066 0.0 0.0 0.0
2017-12-7 0.000906207521522 0.0 0.000961538461538 0.0 0.00503937007874 0.0 0.0 0.0
2017-12-8 0.000788519161016 0.0 0.00103734439834 0.0 0.00413956238912 0.0 0.0 0.0
2017-12-9 0.000367039823821 0.0 0.000250563768479 0.0 0.00351591413768 0.0 0.0 0.0
2017-12-10 0.000597133757962 0.0 0.000789473684211 0.0 0.00317863954228 0.0 0.0 0.0
2017-12-11 0.00041782729805 0.0 0.000523468853603 0.0 0.0035434539351 0.0 0.0 0.0
2017-12-12 0.000640751815463 0.0 0.000592768227623 0.0 0.00378236834449 0.0 0.0 0.0
2017-12-13 0.000364830353885 0.0 0.0 0.0 0.00223936302563 0.0 0.0 0.0
2017-12-14 0.000324569944823 0.0 0.000921658986175 0.0 0.00516917293233 0.0 0.0 0.0
2017-12-15 0.00067521944632 0.0 0.00177619893428 0.0147058823529 0.00326264274062 0.0 0.00272479564033 0.0
2017-12-16 0.000199560965875 0.0 0.000599880023995 0.0 0.00289975144988 0.0 0.0 0.0
2017-12-17 0.000395413206801 0.0 0.00100300902708 0.0 0.00365556458164 0.0 0.0 0.0
2017-12-18 0.00063371356147 0.0 0.000539956803456 0.00537634408602 0.00350160490225 0.0 0.0 0.0
2017-12-19 0.00016647244881 0.0 0.00119047619048 0.0 0.00511793502448 0.0 0.0 0.0909090909091
2017-12-20 0.00028839221341 0.0 0.000987361769352 0.0 0.00552578700603 0.0 0.00129115558425 0.0
2017-12-21 0.000813140348024 0.0 0.000967351874244 0.0 0.00552181115406 0.0 0.000723589001447 0.0
2017-12-22 0.000601503759398 0.0 0.000809388911372 0.0 0.0104456824513 0.0 0.0 0.0
2017-12-23 0.000580720092915 0.0 0.00039952057531 0.0 0.00544880986521 0.0 0.0 0.0
2017-12-24 0.0 0.0 0.00070126227209 0.0 0.0078031212485 0.0 0.0 0.25
2017-12-25 0.000745712155108 0.0 0.00169875424689 0.0 0.0105215004575 0.0 0.0 0.0
2017-12-26 0.00055824339412 0.0 0.000508517670989 0.00462962962963 0.00663680106189 0.0 0.0 0.0
2017-12-27 0.000851063829787 0.0 0.000329380764163 0.0 0.00959595959596 0.0 0.00111856823266 0.0
2017-12-28 0.000160128102482 0.0 0.000178062678063 0.0 0.00959455277004 0.0 0.000771604938272 0.0
2017-12-29 0.00088573959256 0.0 0.000675827889164 0.0 0.00496721637195 0.0 0.0 0.0
2017-12-30 0.0 0.0 0.00105559465165 0.0 0.00434153400868 0.0 0.0 0.0
2017-12-31 0.00070821529745 0.0 0.000382555470543 0.0 0.00612612612613 0.0 0.0 0.0
2018-1-1 0.0 0.0 0.0 0.0 0.0 0.0 0.0 0.0
2018-1-2 0.0 0.0 0.0 0.0 0.0 0.0 0.0 0.0
2018-1-3 0.0 0.0 0.0 0.0 0.0 0.0 0.0 0.0
2018-1-4 0.0 0.0 0.0 0.0 0.0 0.0 0.0 0.0
2018-1-5 0.0 0.0 0.0 0.0 0.0 0.0 0.0 0.0
2018-1-6 0.00170590242238 0.0 0.000372995151063 0.0 0.0068060281964 0.0 0.0 0.0
2018-1-7 0.000352982703848 0.0 0.00111111111111 0.0 0.00885296381832 0.0 0.0 0.0
2018-1-8 0.000269179004038 0.0 0.000998668442077 0.0 0.0101465614431 0.0 0.0 0.0
2018-1-9 0.000167785234899 0.0 0.000618684264797 0.0 0.00863930885529 0.0 0.000849617672048 0.0
2018-1-10 0.000786009039104 0.0 0.000507227998986 0.0 0.0110008049369 0.0 0.0 0.111111111111
2018-1-11 0.00028324599915 0.0 0.000725557772538 0.0 0.0085965240142 0.0 0.000704721634954 0.0
2018-1-12 0.000517509056408 0.0 0.000828672053035 0.0 0.00981193785773 0.0 0.0 0.0
2018-1-13 0.000503778337531 0.0 0.00066889632107 0.0 0.00543287767263 0.0 0.000593471810089 0.0
2018-1-14 0.000468713381767 0.0 0.0 0.0 0.00449260042283 0.0 0.0 0.0
2018-1-15 0.000307031010132 0.0 0.000702740688686 0.0 0.00755166931638 0.0 0.0 0.0
2018-1-16 0.000338983050847 0.0 0.000222172850478 0.0 0.00833841773439 0.0 0.0 0.0
2018-1-17 0.000900414190528 0.0 0.000431127398146 0.0 0.00893880357552 0.0 0.0 0.0
2018-1-18 0.0010781671159 0.0 0.000484848484848 0.0 0.00808945990959 0.0 0.0 0.0
2018-1-19 0.000158177791838 0.0 0.0019124521887 0.0 0.011339198436 0.0 0.0 0.111111111111
2018-1-20 0.00054844606947 0.0 0.00068697046027 0.0049504950495 0.00926720439334 0.0 0.000658761528327 0.0
2018-1-21 0.000191241155097 0.0 0.000248323814254 0.0 0.00717159349309 0.0 0.0 0.0
2018-1-22 0.000431034482759 0.0 0.000833101916134 0.0 0.00548210254757 0.0 0.0 0.0
2018-1-23 0.0 0.0 0.0 0.0 0.0 0.0 0.0 0.0
2018-1-24 0.0 0.0 0.0 0.0 0.0 0.0 0.0 0.0
2018-1-25 0.0 0.0 0.0 0.0 0.0 0.0 0.0 0.0
