2017-9-29 0.00268096514745 0.0 0.0174418604651 0.0 0.0 0.0 0.0666666666667 0.0
2017-9-30 0.019019019019 0.0 0.0254777070064 0.0 0.128787878788 0.0 0.263157894737 0.0
2017-10-1 0.0133928571429 0.0 0.00990099009901 0.0161290322581 0.0470588235294 0.0 0.0122699386503 0.0
2017-10-2 0.00223838836038 0.0 0.0104166666667 0.0147058823529 0.00413223140496 0.0 0.0 0.0
2017-10-3 0.00133422281521 0.0 0.00210674157303 0.0 0.0046511627907 0.0 0.0 0.0
2017-10-4 0.00338541666667 0.0 0.00253807106599 0.013698630137 0.00748502994012 0.0 0.0016077170418 0.0
2017-10-5 0.0020684900023 0.0 0.000717188620607 0.0 0.00240384615385 0.0 0.0 0.0
2017-10-6 0.000839865621501 0.0 0.0 0.0 0.0 0.0 0.0 0.0
2017-10-7 0.00102511532547 0.0 0.000616142945163 0.0 0.0 0.0 0.0 0.0
2017-10-8 0.0 0.0 0.0 0.0 0.00176991150442 0.0 0.0 0.0
2017-10-9 0.000497388709276 0.0 0.00130293159609 0.0 0.00120627261761 0.0 0.0 0.0
2017-10-10 0.000414336026518 0.0 0.0 0.0 0.000910746812386 0.0 0.0 0.0
2017-10-11 0.000833333333333 0.0 0.000201857085184 0.0 0.000833333333333 0.0 0.0 0.0
2017-10-12 0.000745712155108 0.0 0.0 0.0 0.0 0.0 0.0 0.0
2017-10-13 0.0 0.0 0.0 0.0 0.0 0.0 0.0 0.0
2017-10-14 0.0 0.0 0.0 0.0 0.00569800569801 0.0 0.0 0.0
2017-10-15 0.000867678958785 0.0 0.000454959053685 0.0 0.00173010380623 0.0 0.0 0.0
2017-10-16 0.000786575773466 0.0 0.00128328521014 0.0 0.00394736842105 0.0 0.0 0.0
2017-10-17 0.0 0.0 0.000393855848759 0.0 0.00148148148148 0.0 0.0 0.0
2017-10-18 0.000740009866798 0.0 0.000631711939356 0.0 0.00392927308448 0.0 0.0 0.0
2017-10-19 0.000691722388748 0.0 0.000428357249946 0.0 0.00169635284139 0.0 0.0 0.0
2017-10-20 0.000588928150766 0.0 0.0 0.00892857142857 0.00141843971631 0.0 0.0 0.0
2017-10-21 0.00042662116041 0.0 0.0 0.0 0.00569800569801 0.0 0.0 0.0
2017-10-22 0.000342935528121 0.0 0.0 0.0 0.00109649122807 0.0 0.000766871165644 0.0
2017-10-23 0.000634383590611 0.0 0.0 0.0 0.000987166831194 0.0 0.000840336134454 0.0
2017-10-24 0.000592534070709 0.0 0.000199044585987 0.0 0.00389408099688 0.0 0.000611620795107 0.0
2017-10-25 0.000532623169108 0.0 0.0 0.0 0.00121951219512 0.0 0.0 0.0
2017-10-26 0.00027027027027 0.0 0.000277392510402 0.0 0.00527704485488 0.0 0.0 0.0
2017-10-27 0.000675447483958 0.0 0.0 0.0 0.00561797752809 0.0 0.0 0.0
2017-10-28 0.000473709142586 0.0 0.0 0.0 0.00680272108844 0.0 0.0 0.0
2017-10-29 0.00142005112184 0.0 0.000791765637371 0.0 0.00223546944858 0.0 0.00174825174825 0.0
2017-10-30 0.000179115171055 0.0 0.0 0.0 0.00102590407797 0.0 0.00849514563107 0.0909090909091
2017-10-31 0.000520923771488 0.0 0.000272479564033 0.0 0.000631578947368 0.0 0.0436432637571 0.0
2017-11-1 0.0 0.0 0.000603682463024 0.0 0.00189650501219 0.0 0.0838627700127 0.0
2017-11-2 0.000373692077728 0.0 0.00109920307777 0.0 0.00253411306043 0.0 0.112750263435 0.0
2017-11-3 0.00128181651712 0.0 0.000283687943262 0.00588235294118 0.00375613984398 0.0 0.186348862405 0.0
2017-11-4 0.0014598540146 0.0 0.000692041522491 0.0 0.00258519388954 0.0 0.149892933619 0.0
2017-11-5 0.000650618087183 0.0 0.000658761528327 0.00613496932515 0.00246366100025 0.0 0.183397683398 0.0
2017-11-6 0.000484027105518 0.0 0.000513083632632 0.0 0.00149068322981 0.0 0.123031496063 0.0
2017-11-7 0.000462606013878 0.0 0.0 0.0 0.00235663786332 0.0 0.133584195673 0.0
2017-11-8 0.000803600128576 0.0 0.000260824204486 0.0 0.00421163464069 0.0 0.122958693564 0.0
2017-11-9 0.000850701829009 0.0 0.000432525951557 0.0 0.00311580405055 0.0 0.113494809689 0.0
2017-11-10 0.000672043010753 0.0 0.000764379896809 0.0 0.0042952593064 0.000786163522013 0.150488225158 0.0
2017-11-11 0.000613999181334 0.0 0.000857142857143 0.0 0.00496228662168 0.0 0.104865771812 0.142857142857
2017-11-12 0.00223964165733 0.0 0.000766479305059 0.0 0.00718099797459 0.0 0.083931133429 0.0
2017-11-13 0.000294031167304 0.0 0.000671742051052 0.0 0.00813878774898 0.0 0.104956268222 0.125
2017-11-14 0.00044636214849 0.0 0.000493583415597 0.0 0.00816753926702 0.0 0.108917631042 0.0
2017-11-15 0.000403985995152 0.0 0.000215703192407 0.0 0.00883164673413 0.0 0.106979405034 0.0
2017-11-16 0.000682128240109 0.0 0.000426712182633 0.0 0.0123734533183 0.0 0.0926517571885 0.0
2017-11-17 0.000564971751412 0.0 0.000221631205674 0.0 0.0121471954269 0.0 0.103975535168 0.0
2017-11-18 0.000912200684151 0.0 0.000342700479781 0.0 0.00870511425462 0.0 0.103773584906 0.0
2017-11-19 0.000508776392775 0.0 0.00107372942019 0.0 0.00837026095519 0.0 0.0804077010193 0.0
2017-11-20 0.000791295746785 0.0 0.000676361176868 0.0 0.00895933838732 0.0 0.0778816199377 0.0
2017-11-21 0.00100300902708 0.0 0.00139909059112 0.0 0.015 0.0 0.11051212938 0.0
2017-11-22 0.000738552437223 0.0 0.00071106897369 0.0 0.0138764547896 0.0 0.104427736007 0.0666666666667
2017-11-23 0.000902527075812 0.0 0.000951474785918 0.0 0.0151813880126 0.0 0.112261146497 0.0625
2017-11-24 0.000440658049354 0.0 0.000820681165367 0.0049504950495 0.0124443078814 0.0 0.0788643533123 0.0
2017-11-25 0.00134331222414 0.0 0.000554016620499 0.00540540540541 0.0123214285714 0.0 0.0690690690691 0.0
2017-11-26 0.000943692985215 0.0 0.000231535077564 0.0 0.00916117950186 0.0 0.0651085141903 0.0
2017-11-27 0.000572655690766 0.0 0.0004023335345 0.0 0.0124976683455 0.0 0.0626822157434 0.0
2017-11-28 0.000478468899522 0.0 0.0 0.0 0.0139221231238 0.0 0.0581014729951 0.0
2017-11-29 0.000185288123031 0.0 0.000270635994587 0.0 0.0117931660115 0.0 0.0688311688312 0.0
2017-11-30 0.00031051079025 0.0 0.000726392251816 0.0 0.00994927818962 0.0 0.0569715142429 0.0
2017-12-1 0.000928217821782 0.0 0.000201572263657 0.0 0.010081795701 0.0 0.0356435643564 0.0
2017-12-2 0.000662397880327 0.0 0.000622277535781 0.0 0.0102674307545 0.0 0.0319672131148 0.0
2017-12-3 0.00110314396029 0.0 0.000476303881877 0.0 0.00787260690642 0.0 0.0408847184987 0.0
2017-12-4 0.00121083699107 0.0 0.000845487212006 0.0 0.00805549339897 0.0 0.0335621662853 0.0
2017-12-5 0.000382848392037 0.0 0.00090991810737 0.0 0.0102734051367 0.0 0.0469879518072 0.0
2017-12-6 0.0 0.0 0.0004500450045 0.0 0.00921930168694 0.00106837606838 0.0532069970845 0.0
2017-12-7 0.000453103760761 0.0 0.0 0.00699300699301 0.0088188976378 0.0 0.0346534653465 0.0
2017-12-8 0.00110392682542 0.0 0.000207468879668 0.0 0.0110388330377 0.0 0.045428072219 0.0
2017-12-9 0.00201871903101 0.0 0.0 0.00403225806452 0.00573649148779 0.0 0.033608490566 0.0
2017-12-10 0.000597133757962 0.0 0.000789473684211 0.0 0.00593346047892 0.0 0.0272197018795 0.0
2017-12-11 0.00041782729805 0.0 0.00104693770721 0.00334448160535 0.00839239089892 0.0 0.0340836012862 0.0
2017-12-12 0.000640751815463 0.0 0.000889152341434 0.0 0.0081466395112 0.0 0.0219579139982 0.0
2017-12-13 0.000364830353885 0.0 0.000495540138751 0.0 0.00597163473501 0.0 0.0289747399703 0.125
2017-12-14 0.00259655955858 0.0 0.0 0.0 0.00657894736842 0.0 0.0227272727273 0.0
2017-12-15 0.00067521944632 0.0 0.0 0.0 0.00652528548124 0.0 0.0245231607629 0.0
2017-12-16 0.000997804829375 0.0 0.000299940011998 0.0 0.00559237779619 0.0 0.0207134637514 0.0
2017-12-17 0.0015816528272 0.0 0.00100300902708 0.0 0.0085296506905 0.0 0.0147058823529 0.0
2017-12-18 0.00126742712294 0.0 0.00242980561555 0.00537634408602 0.00583600817041 0.0 0.0271739130435 0.0
2017-12-19 0.00116530714167 0.0 0.000714285714286 0.00438596491228 0.00823319982198 0.0 0.0284178187404 0.0
2017-12-20 0.00100937274694 0.0 0.000592417061611 0.0 0.0120562625586 0.0 0.0335700451904 0.0
2017-12-21 0.00178890876565 0.0 0.000725513905683 0.00404858299595 0.0101233204491 0.0 0.0600578871201 0.0
2017-12-22 0.0012030075188 0.0 0.00263051396196 0.0 0.0197771587744 0.0 0.0818062827225 0.0
2017-12-23 0.000580720092915 0.0 0.0 0.0 0.0129050759966 0.0 0.0494148244473 0.0
2017-12-24 0.000517598343685 0.0 0.00140252454418 0.0 0.0120048019208 0.0 0.0444444444444 0.0
2017-12-25 0.00111856823266 0.0 0.00169875424689 0.0 0.0155535224154 0.0 0.0527950310559 0.111111111111
2017-12-26 0.00186081131373 0.0 0.00101703534198 0.0 0.0134395221503 0.0 0.0639686684073 0.0
2017-12-27 0.0022695035461 0.0 0.000329380764163 0.0 0.0174242424242 0.0 0.0637583892617 0.0
2017-12-28 0.00144115292234 0.0 0.00160256410256 0.0 0.0171773444754 0.0 0.0578703703704 0.0
2017-12-29 0.00124003542958 0.0 0.00112637981527 0.0 0.0111265646732 0.0 0.0324074074074 0.0
2017-12-30 0.00211480362538 0.0 0.0 0.0 0.0112156295224 0.0 0.0238948626045 0.0
2017-12-31 0.0014164305949 0.0 0.000382555470543 0.0 0.012972972973 0.0 0.0261519302615 0.0
2018-1-1 0.0125 0.0 0.0 0.0 0.0204081632653 0.0 0.0625 0.0
2018-1-2 0.0 0.0 0.0 0.0 0.0 0.0 0.0 0.0
2018-1-3 0.0 0.0 0.0 0.0 0.0 0.0 0.0 0.0
2018-1-4 0.0 0.0 0.0 0.0 0.0 0.0 0.0 0.0
2018-1-5 0.0 0.0 0.0 0.0 0.0 0.0 0.0 0.0
2018-1-6 0.00204708290686 0.0 0.0 0.00793650793651 0.0145843461351 0.0 0.0258620689655 0.0
2018-1-7 0.000352982703848 0.0 0.00222222222222 0.0 0.0150115473441 0.0 0.0375 0.0
2018-1-8 0.00134589502019 0.0 0.00133155792277 0.0 0.0248027057497 0.00212314225053 0.0613810741688 0.0
2018-1-9 0.0010067114094 0.0 0.000618684264797 0.0 0.0177105831533 0.0 0.0739167374681 0.0
2018-1-10 0.00098251129888 0.0 0.000760841998478 0.0 0.0211966729273 0.0 0.0504364694471 0.111111111111
2018-1-11 0.000849737997451 0.0 0.000544168329403 0.0 0.0164455242011 0.0 0.0373502466526 0.0
2018-1-12 0.00120752113162 0.0 0.000828672053035 0.0 0.0145134914146 0.0 0.0332817337461 0.0
2018-1-13 0.00218303946264 0.0 0.000445930880713 0.0 0.009288468279 0.0 0.0272997032641 0.0
2018-1-14 0.00164049683618 0.0 0.00118976799524 0.0111111111111 0.00977801268499 0.0 0.0251623376623 0.0
2018-1-15 0.00276327909119 0.0 0.000351370344343 0.0 0.0115262321145 0.00187617260788 0.02 0.0
2018-1-16 0.00169491525424 0.0 0.000444345700955 0.0 0.0134228187919 0.0 0.0344551282051 0.0
2018-1-17 0.00144066270484 0.0 0.00107781849537 0.0 0.0158148063259 0.0 0.0418342719228 0.0
2018-1-18 0.00125786163522 0.0 0.000727272727273 0.0 0.014513442779 0.0 0.026512013256 0.0
2018-1-19 0.00189813350206 0.0 0.0012749681258 0.0 0.0162267839687 0.0 0.0603588907015 0.111111111111
2018-1-20 0.0018281535649 0.0 0.000228990153423 0.0049504950495 0.0140724214862 0.0 0.0355731225296 0.0
2018-1-21 0.00152992924077 0.0 0.000248323814254 0.0 0.00962043029561 0.0 0.0189633375474 0.0
2018-1-22 0.00150862068966 0.0 0.000277700638711 0.0 0.00902934537246 0.0 0.0131979695431 0.0
2018-1-23 0.0 0.0 0.0 0.0 0.0 0.0 0.0 0.0
2018-1-24 0.0 0.0 0.0 0.0 0.0 0.0 0.0 0.0
2018-1-25 0.0 0.0 0.0 0.0 0.0 0.0 0.0 0.0
