2017-10-28 0.111111111111 0.0 0.2 0.0 0.157894736842 0.0 0.25 0.0
2017-10-29 0.13637660485 0.0 0.108756497401 0.208860759494 0.148856392951 0.00225225225225 0.125220458554 0.111111111111
2017-10-30 0.163790003596 0.0 0.0977328431373 0.109756097561 0.142526369951 0.0165605095541 0.143031784841 0.0909090909091
2017-10-31 0.159296657382 0.0 0.108308198519 0.193717277487 0.147772852016 0.0214395099541 0.128449096099 0.0
2017-11-1 0.145440251572 0.0 0.096323305986 0.148936170213 0.14705082903 0.00883652430044 0.110256410256 0.0
2017-11-2 0.150975243811 0.0 0.103343465046 0.13125 0.1478515625 0.022170361727 0.116525423729 0.111111111111
2017-11-3 0.150894187779 0.0 0.114302461899 0.147239263804 0.147803316846 0.0191082802548 0.108910891089 0.0
2017-11-4 0.117573639541 0.0 0.119592875318 0.163120567376 0.133064516129 0.0272536687631 0.0845986984816 0.142857142857
2017-11-5 0.115945229682 0.0 0.100989423405 0.138364779874 0.126645145269 0.0144628099174 0.069403714565 0.125
2017-11-6 0.132410423453 0.0 0.086004691165 0.113402061856 0.131736526946 0.0100200400802 0.0871287128713 0.0
2017-11-7 0.117701719065 0.0 0.0908859470468 0.0622009569378 0.128710270554 0.00840336134454 0.0577651515152 0.0
2017-11-8 0.111434108527 0.0 0.0900735294118 0.122994652406 0.116014799154 0.00347222222222 0.053242981607 0.0666666666667
2017-11-9 0.10281447444 0.0 0.0945020975933 0.0996168582375 0.125848563969 0.0104166666667 0.046820405311 0.125
2017-11-10 0.11295995671 0.0 0.109115488606 0.152173913043 0.134738186462 0.0158856235107 0.0536332179931 0.2
2017-11-11 0.089639357932 0.0 0.115214180207 0.118644067797 0.129696243006 0.0201465201465 0.0483050847458 0.142857142857
2017-11-12 0.0887733487387 0.0 0.0959389479422 0.09375 0.119264350734 0.00875656742557 0.0413043478261 0.0
2017-11-13 0.0934016269961 0.0 0.0920403850669 0.0990990990991 0.112240484429 0.0109670987039 0.0412067696836 0.142857142857
2017-11-14 0.0949947392154 0.0 0.105474635861 0.0904761904762 0.129602356406 0.0168316831683 0.0431506849315 0.1
2017-11-15 0.0979807562 0.0 0.0992830762546 0.139285714286 0.134661501568 0.0119965724079 0.0430786904078 0.111111111111
2017-11-16 0.091095890411 0.0 0.0995913099591 0.103846153846 0.122249388753 0.0115321252059 0.0435897435897 0.0909090909091
2017-11-17 0.0895162434388 0.0 0.0889982110912 0.115740740741 0.115494978479 0.0185013876041 0.0436654366544 0.0
2017-11-18 0.0810126582278 0.0 0.0924311126613 0.147928994083 0.138744173293 0.010152284264 0.039029535865 0.0
2017-11-19 0.0751222022125 0.0 0.0752648885641 0.103225806452 0.118564356436 0.0208333333333 0.0274285714286 0.0
2017-11-20 0.0751192368839 0.0 0.0740867190167 0.0986842105263 0.126038781163 0.0062656641604 0.0505529225908 0.230769230769
2017-11-21 0.0730823434669 0.0 0.0745428973277 0.0979020979021 0.110962566845 0.0137457044674 0.0338294993234 0.0
2017-11-22 0.0618998374945 0.0 0.143635932685 0.0921052631579 0.0953446732319 0.0299625468165 0.034309623431 0.2
2017-11-23 0.0508500075222 0.0 0.109419600381 0.0567010309278 0.0731466876972 0.0279106858054 0.0390749601276 0.0625
2017-11-24 0.0486335586247 0.0 0.0902749281904 0.0594059405941 0.0645260408665 0.0221882172915 0.0334595959596 0.0714285714286
2017-11-25 0.0362763915547 0.0 0.0634349030471 0.102702702703 0.0441071428571 0.0176991150442 0.0232732732733 0.285714285714
2017-11-26 0.033978291647 0.0 0.0592867068087 0.0486725663717 0.0499570569711 0.022641509434 0.0200445434298 0.0
2017-11-27 0.0336435218325 0.0 0.065982699658 0.0555555555556 0.0415967170304 0.013036809816 0.0240524781341 0.1
2017-11-28 0.0256819269421 0.0 0.0566860465116 0.0377358490566 0.0395910376332 0.0199134199134 0.021294021294 0.0
2017-11-29 0.0261353104727 0.0 0.0503519220357 0.0497237569061 0.0408224977321 0.0182704019488 0.0155844155844 0.0
2017-11-30 0.0276397515528 0.0 0.0462469733656 0.00995024875622 0.0343347639485 0.017094017094 0.0127436281859 0.0
2017-12-1 0.0235184898654 0.0 0.0419270308406 0.0278884462151 0.0313867224653 0.0126582278481 0.0105680317041 0.0
2017-12-2 0.0183263413557 0.0 0.0308027380212 0.05 0.0248328557784 0.015009380863 0.00819672131148 0.0
2017-12-3 0.0202243059386 0.0 0.0259585615623 0.0227272727273 0.024154589372 0.015873015873 0.00938337801609 0.0
2017-12-4 0.0181653042688 0.0 0.0329740012682 0.0283400809717 0.0230476616693 0.0132978723404 0.00991609458429 0.1
2017-12-5 0.0251403777437 0.0 0.0411282984531 0.0294117647059 0.0263463131732 0.0152905198777 0.0132530120482 0.0909090909091
2017-12-6 0.0200400801603 0.0 0.028802880288 0.0438247011952 0.0200078462142 0.0117521367521 0.0138483965015 0.0
2017-12-7 0.0224286361577 0.0 0.0291760179545 0.013986013986 0.0289763779528 0.00980392156863 0.00991080277502 0.0
2017-12-8 0.0288643533123 0.0 0.0251037344398 0.0277777777778 0.0311452789277 0.00717948717949 0.0133954571928 0.0714285714286
2017-12-9 0.0363369425583 0.0 0.0273114507642 0.0120967741935 0.0244263508512 0.0167504187605 0.0135613207547 0.0
2017-12-10 0.0352308917197 0.0 0.0252631578947 0.010989010989 0.0184361093452 0.0105448154657 0.00972132209981 0.0
2017-12-11 0.0335701351163 0.0 0.0204152852905 0.0133779264214 0.0281611339053 0.00846859562456 0.011575562701 0.0
2017-12-12 0.0378124332408 0.0 0.0207468879668 0.0188679245283 0.0226942100669 0.0114192495922 0.00274473924977 0.0
2017-12-13 0.0496169281284 0.0 0.0195738354807 0.0240384615385 0.0218959940284 0.00655021834061 0.0037147102526 0.0
2017-12-14 0.0516066212269 0.0 0.0124423963134 0.03 0.0216165413534 0.0 0.00505050505051 0.0
2017-12-15 0.0675675675676 0.0 0.0177777777778 0.0 0.0269168026101 0.034965034965 0.00544959128065 0.0
2017-12-16 0.0758331670325 0.0 0.0152969406119 0.00515463917526 0.0225766362883 0.0128479657388 0.00345224395857 0.0
2017-12-17 0.0672202451562 0.0 0.0150451354062 0.0412371134021 0.017059301381 0.0 0.00367647058824 0.0
2017-12-18 0.0847063793832 0.0 0.0134989200864 0.00537634408602 0.0227604318646 0.00956937799043 0.00724637681159 0.1
2017-12-19 0.0744255744256 0.0 0.0183333333333 0.00877192982456 0.0215843346684 0.0105374077977 0.00691244239631 0.0909090909091
2017-12-20 0.0757029560202 0.0 0.0219237606162 0.0140350877193 0.0329872739451 0.0100541376643 0.010329244674 0.0
2017-12-21 0.0668401366076 0.0 0.0263603385732 0.0242914979757 0.0364439536168 0.0146914789422 0.00868306801737 0.0
2017-12-22 0.0714285714286 0.0 0.0376365843788 0.0405904059041 0.0547353760446 0.0122757318225 0.0183246073298 0.0
2017-12-23 0.0548780487805 0.0 0.0235717139433 0.0246913580247 0.0283911671924 0.0129310344828 0.0104031209363 0.0
2017-12-24 0.0605590062112 0.0 0.0133239831697 0.0 0.0288115246098 0.0106382978723 0.0138888888889 0.25
2017-12-25 0.0592841163311 0.0 0.0220838052095 0.0 0.0292772186642 0.00398406374502 0.0139751552795 0.0
2017-12-26 0.0610687022901 0.0 0.0267039674466 0.0277777777778 0.0348489877199 0.00996015936255 0.00783289817232 0.0
2017-12-27 0.0621276595745 0.0 0.0256916996047 0.00877192982456 0.0497474747475 0.010775862069 0.0178970917226 0.0
2017-12-28 0.0555644515612 0.0 0.0219017094017 0.0107142857143 0.0365212008666 0.0148975791434 0.0200617283951 0.0769230769231
2017-12-29 0.0483613817538 0.0 0.0175715251183 0.0357142857143 0.0264255910987 0.01 0.00396825396825 0.0714285714286
2017-12-30 0.0404833836858 0.0 0.0119634060521 0.00645161290323 0.0289435600579 0.0030303030303 0.00836320191159 0.0
2017-12-31 0.0382436260623 0.0 0.0137719969396 0.0406504065041 0.0194594594595 0.0160642570281 0.00871731008717 0.0
2018-1-1 0.05 0.0 0.0 0.0 0.0 0.0 0.0 0.0
2018-1-2 0.0 0.0 0.0 0.0 0.0 0.0 0.0 0.0
2018-1-3 0.0 0.0 0.0 0.0 0.0 0.0 0.0 0.0
2018-1-4 0.0 0.0 0.0 0.0 0.0 0.0 0.0 0.0
2018-1-5 0.0 0.0 0.0 0.0 0.0 0.0 0.0 0.0
2018-1-6 0.0392491467577 0.0 0.0070869078702 0.031746031746 0.0257656781721 0.00760456273764 0.0 0.0
2018-1-7 0.0434168725732 0.0 0.0166666666667 0.0350877192982 0.0311778290993 0.00740740740741 0.0160714285714 0.0
2018-1-8 0.043068640646 0.0 0.021637816245 0.0630630630631 0.0366403607666 0.00636942675159 0.0127877237852 0.0
2018-1-9 0.0489932885906 0.0 0.0276345638276 0.0378378378378 0.0414686825054 0.00777777777778 0.0263381478335 0.0833333333333
2018-1-10 0.0410689722932 0.0 0.0200355059599 0.0308641975309 0.0386369734371 0.013698630137 0.0135790494665 0.0
2018-1-11 0.0407874238776 0.0 0.0235806276075 0.042471042471 0.0299009530929 0.012389380531 0.015503875969 0.0
2018-1-12 0.0438157667759 0.0 0.016780609074 0.0552995391705 0.0308667211774 0.0079006772009 0.00928792569659 0.0
2018-1-13 0.039798488665 0.0 0.0140468227425 0.0801687763713 0.0206799859797 0.00740740740741 0.00830860534125 0.0
2018-1-14 0.039615564932 0.0 0.00981558596074 0.127777777778 0.0248414376321 0.00742574257426 0.00974025974026 0.0
2018-1-15 0.0377648142462 0.0 0.00843585237258 0.212598425197 0.0254372019078 0.015009380863 0.004 0.0
2018-1-16 0.0328813559322 0.0 0.0124416796267 0.175257731959 0.0272523896685 0.0183727034121 0.0112179487179 0.0
2018-1-17 0.0388978930308 0.0 0.0174606596249 0.126829268293 0.0291084116434 0.0197044334975 0.0120675784393 0.0
2018-1-18 0.0370170709793 0.0 0.016 0.0904522613065 0.0287889602665 0.0162481536189 0.00745650372825 0.0
2018-1-19 0.0491932932616 0.0 0.0197620059499 0.0966183574879 0.0394916911046 0.0137857900318 0.0138662316476 0.111111111111
2018-1-20 0.0363802559415 0.0 0.0158003205862 0.158415841584 0.0271151535953 0.024347826087 0.00724637681159 0.0
2018-1-21 0.0315547905909 0.0 0.0119195430842 0.116504854369 0.0178415252755 0.0122950819672 0.00379266750948 0.0
2018-1-22 0.0306166451056 0.0 0.00916666666667 0.102409638554 0.0164463076427 0.00794912559618 0.00304568527919 0.0
2018-1-23 0.0 0.0 0.0 0.0 0.0 0.0 0.0 0.0
2018-1-24 0.0 0.0 0.0 0.0 0.0 0.0 0.0 0.0
2018-1-25 0.0 0.0 0.0 0.0 0.0 0.0 0.0 0.0
