2017-9-29 0.0187667560322 0.0 0.0116279069767 0.0 0.105263157895 0.0 0.0666666666667 0.0
2017-9-30 0.021021021021 0.0 0.031847133758 0.015873015873 0.166666666667 0.0 0.368421052632 0.0
2017-10-1 0.0133928571429 0.0 0.0148514851485 0.0 0.0294117647059 0.0 0.0 0.0
2017-10-2 0.00615556799105 0.0 0.00625 0.0147058823529 0.0289256198347 0.0 0.0 0.0
2017-10-3 0.00333555703803 0.0 0.00561797752809 0.0 0.00232558139535 0.0 0.0049504950495 0.0
2017-10-4 0.00442708333333 0.0 0.00435097897027 0.00684931506849 0.00299401197605 0.0 0.0 0.0
2017-10-5 0.00252815444725 0.0 0.00119531436768 0.00487804878049 0.0 0.0 0.0 0.0
2017-10-6 0.000839865621501 0.0 0.0 0.0 0.00147275405007 0.0 0.0 0.0
2017-10-7 0.00205023065095 0.0 0.0 0.0 0.0025641025641 0.0 0.0 0.0
2017-10-8 0.000451263537906 0.0 0.00104876769795 0.0 0.00176991150442 0.0 0.0 0.0
2017-10-9 0.000497388709276 0.0 0.00228013029316 0.0151515151515 0.0 0.0 0.0 0.0
2017-10-10 0.000414336026518 0.0 0.0006373486297 0.0 0.0 0.0 0.0 0.0
2017-10-11 0.00125 0.0 0.00141299959629 0.0 0.000833333333333 0.0 0.0 0.0
2017-10-12 0.000248570718369 0.0 0.000261643118786 0.0 0.00115473441109 0.0 0.0 0.0
2017-10-13 0.000298240381748 0.0 0.000799360511591 0.0 0.0 0.0 0.0 0.0
2017-10-14 0.000553403431101 0.0 0.00143472022956 0.0 0.0 0.0 0.0 0.0
2017-10-15 0.000867678958785 0.0 0.0 0.0 0.0 0.0 0.0 0.0
2017-10-16 0.000786575773466 0.0 0.00160410651267 0.0 0.00394736842105 0.0 0.0 0.0
2017-10-17 0.000546597430992 0.0 0.000787711697519 0.0 0.00148148148148 0.0 0.0 0.0
2017-10-18 0.0 0.0 0.000315855969678 0.0 0.00098231827112 0.0 0.0 0.0
2017-10-19 0.000691722388748 0.0 0.000214178624973 0.0 0.00254452926209 0.0 0.0 0.0
2017-10-20 0.000294464075383 0.0 0.0 0.0 0.00141843971631 0.0 0.0 0.0
2017-10-21 0.00042662116041 0.0 0.0 0.0 0.0042735042735 0.0 0.0 0.0
2017-10-22 0.000685871056241 0.0 0.000541125541126 0.0 0.0 0.0 0.00153374233129 0.0
2017-10-23 0.000422922393741 0.0 0.000414851690521 0.0 0.0 0.0 0.000840336134454 0.0
2017-10-24 0.00138257949832 0.0 0.000199044585987 0.0 0.00155763239875 0.0 0.0 0.0
2017-10-25 0.00186418109188 0.0 0.000272182906913 0.0 0.0 0.0 0.0 0.0
2017-10-26 0.00135135135135 0.0 0.0 0.00689655172414 0.00263852242744 0.0 0.0 0.0
2017-10-27 0.000337723741979 0.0 0.0 0.0 0.00187265917603 0.0 0.0 0.0
2017-10-28 0.0 0.0 0.0 0.0 0.0 0.0 0.0 0.0
2017-10-29 0.00142005112184 0.0 0.000395882818686 0.0 0.000372578241431 0.0 0.0 0.0
2017-10-30 0.00071646068422 0.0 0.0 0.0 0.0 0.0 0.0 0.0
2017-10-31 0.000347282514325 0.0 0.000544959128065 0.0 0.0 0.0 0.0 0.0
2017-11-1 0.00117531831538 0.0 0.000301841231512 0.00709219858156 0.000812787862368 0.0 0.0 0.0
2017-11-2 0.00112107623318 0.0 0.000549601538884 0.0 0.000779727095517 0.0 0.0 0.0
2017-11-3 0.00164804980773 0.0 0.000567375886525 0.0 0.00115573533661 0.0 0.0 0.0
2017-11-4 0.0014598540146 0.0 0.0 0.0 0.000470035252644 0.0 0.0 0.0
2017-11-5 0.00086749078291 0.0 0.0 0.00613496932515 0.000492732200049 0.0 0.0 0.0
2017-11-6 0.000645369474024 0.0 0.00128270908158 0.0 0.000745341614907 0.0 0.0 0.0
2017-11-7 0.00107941403238 0.0 0.000505305709955 0.0 0.000785545954438 0.0 0.000940733772342 0.0
2017-11-8 0.000642880102861 0.0 0.000260824204486 0.0 0.000526454330087 0.0 0.0 0.0
2017-11-9 0.00155962001985 0.0 0.000432525951557 0.0 0.000692400900121 0.0 0.0 0.0
2017-11-10 0.000672043010753 0.0 0.000573284922607 0.0 0.000795418390073 0.0 0.0 0.0
2017-11-11 0.00143266475645 0.0 0.000285714285714 0.0 0.000198491464867 0.0 0.000838926174497 0.0
2017-11-12 0.00130645763345 0.0 0.000766479305059 0.00411522633745 0.000368256306389 0.0 0.0 0.0
2017-11-13 0.00132314025287 0.0 0.000447828034035 0.0 0.000428357249946 0.0 0.0 0.0
2017-11-14 0.00178544859396 0.0 0.000246791707799 0.0 0.00104712041885 0.0 0.0 0.0
2017-11-15 0.000807971990304 0.0 0.00366695427092 0.0 0.000183992640294 0.0 0.0 0.0
2017-11-16 0.00109140518417 0.0 0.00597397055686 0.0 0.00187476565429 0.0 0.0 0.0
2017-11-17 0.000847457627119 0.0 0.00687056737589 0.0 0.000357270453733 0.0 0.0 0.0
2017-11-18 0.000684150513113 0.0 0.00856751199452 0.00578034682081 0.000272034820457 0.0 0.00104821802935 0.0
2017-11-19 0.00127194098194 0.0 0.00715819613457 0.0 0.000492368291482 0.0 0.0 0.0
2017-11-20 0.000989119683482 0.0 0.0104835982415 0.0 0.000689179875948 0.0 0.0 0.0
2017-11-21 0.00160481444333 0.0 0.0139909059112 0.00699300699301 0.001 0.0 0.0 0.0
2017-11-22 0.00103397341211 0.0 0.0104290116141 0.0 0.00179051029543 0.0 0.0 0.0
2017-11-23 0.000601684717208 0.0 0.0104662226451 0.0 0.00118296529968 0.0 0.000796178343949 0.0
2017-11-24 0.000440658049354 0.0 0.00943783340172 0.0 0.000614533722538 0.0 0.0 0.0
2017-11-25 0.000767606985224 0.0 0.00470914127424 0.0108108108108 0.000357142857143 0.0 0.0 0.0
2017-11-26 0.00062912865681 0.0 0.00833526279231 0.0 0.000572573718866 0.0 0.000556483027268 0.0
2017-11-27 0.000715819613457 0.0 0.0052303359485 0.0 0.00111919418019 0.0 0.0 0.0
2017-11-28 0.000478468899522 0.0 0.00872093023256 0.0 0.000217533173809 0.0 0.000818330605565 0.0
2017-11-29 0.000555864369094 0.0 0.00757780784844 0.0 0.00120955548836 0.0 0.0 0.0
2017-11-30 0.0006210215805 0.0 0.00653753026634 0.0 0.000585251658213 0.0 0.0 0.0
2017-12-1 0.00154702970297 0.0 0.00564402338238 0.0 0.000380445120791 0.0 0.0 0.0
2017-12-2 0.000220799293442 0.0 0.0031113876789 0.0 0.0 0.0 0.0 0.0
2017-12-3 0.000919286633572 0.0 0.00523934270064 0.00454545454545 0.0 0.0 0.0 0.0
2017-12-4 0.00136219161495 0.0 0.00507292327204 0.0 0.000671291116581 0.0 0.0 0.0
2017-12-5 0.000765696784074 0.0 0.00655141037307 0.0 0.00016570008285 0.0 0.000602409638554 0.0
2017-12-6 0.0010790812394 0.0 0.003600360036 0.00398406374502 0.00117693213025 0.0 0.000728862973761 0.0
2017-12-7 0.00135931128228 0.0 0.00576923076923 0.0 0.000944881889764 0.0 0.0 0.0
2017-12-8 0.000788519161016 0.0 0.00311203319502 0.00396825396825 0.000591366055588 0.0 0.0 0.0
2017-12-9 0.000734079647642 0.0 0.00250563768479 0.0 0.0 0.0 0.0 0.0
2017-12-10 0.000597133757962 0.0 0.00421052631579 0.0 0.0 0.0 0.000648088139987 0.0
2017-12-11 0.000696378830084 0.0 0.0054091781539 0.00334448160535 0.000559492726595 0.0 0.0 0.0
2017-12-12 0.00106791969244 0.0 0.00355660936574 0.0 0.000290951411114 0.0 0.000914913083257 0.0
2017-12-13 0.000912075884714 0.0 0.00396432111001 0.0 0.000248818113959 0.0 0.0 0.0
2017-12-14 0.00194741966894 0.0 0.00184331797235 0.0 0.00046992481203 0.0 0.0 0.0
2017-12-15 0.0 0.0 0.00355239786856 0.0 0.0 0.0 0.00272479564033 0.0
2017-12-16 0.000997804829375 0.0 0.000899820035993 0.0 0.000207125103563 0.0 0.0 0.0
2017-12-17 0.000790826413602 0.0 0.00351053159478 0.0 0.000812347684809 0.0 0.0 0.0
2017-12-18 0.00126742712294 0.0 0.00404967602592 0.00537634408602 0.000875401225562 0.0 0.0 0.0
2017-12-19 0.000665889795239 0.0 0.00571428571429 0.00438596491228 0.000667556742323 0.0 0.0 0.0
2017-12-20 0.00028839221341 0.0 0.0053317535545 0.0 0.000669792364367 0.0 0.00193673337637 0.0
2017-12-21 0.000975768417629 0.0 0.00822249093108 0.0 0.00092030185901 0.0 0.0 0.0
2017-12-22 0.0012030075188 0.0 0.00829623634156 0.0 0.00111420612813 0.0 0.0 0.0
2017-12-23 0.000290360046458 0.0 0.0039952057531 0.0 0.00057355893318 0.0 0.0 0.0
2017-12-24 0.0 0.0 0.00280504908836 0.0 0.00120048019208 0.0 0.0 0.0
2017-12-25 0.0 0.0 0.00169875424689 0.0 0.000457456541629 0.0 0.0 0.0
2017-12-26 0.000930405656866 0.0 0.00584795321637 0.0 0.000331840053094 0.0 0.0 0.0
2017-12-27 0.000283687943262 0.0 0.00691699604743 0.0 0.000505050505051 0.0 0.00111856823266 0.0
2017-12-28 0.00112089671737 0.0 0.00462962962963 0.0 0.00232126276695 0.0 0.0 0.0
2017-12-29 0.00088573959256 0.0 0.00135165577833 0.0 0.000596065964633 0.0 0.0 0.0
2017-12-30 0.000906344410876 0.0 0.00316678395496 0.0 0.000723589001447 0.0 0.00119474313023 0.0
2017-12-31 0.00106232294618 0.0 0.0026778882938 0.0 0.00108108108108 0.0 0.0 0.0
2018-1-1 0.0 0.0 0.0 0.0 0.0 0.0 0.0 0.0
2018-1-2 0.0 0.0 0.0 0.0 0.0 0.0 0.0 0.0
2018-1-3 0.0 0.0 0.0 0.0 0.0 0.0 0.0 0.0
2018-1-4 0.0 0.0 0.0 0.0 0.0 0.0 0.0 0.0
2018-1-5 0.0 0.0 0.0 0.0 0.0 0.0 0.0 0.0
2018-1-6 0.00136472193791 0.0 0.00186497575532 0.0 0.00243072435586 0.0 0.0 0.0
2018-1-7 0.0 0.0 0.00185185185185 0.0 0.000384911470362 0.0 0.0 0.0
2018-1-8 0.00161507402423 0.0 0.00466045272969 0.0 0.00450958286359 0.0 0.0 0.0
2018-1-9 0.00167785234899 0.0 0.0059806145597 0.0 0.00129589632829 0.0 0.0 0.0
2018-1-10 0.00098251129888 0.0 0.00405782399188 0.0 0.00134156157768 0.0 0.0 0.0
2018-1-11 0.0011329839966 0.0 0.00326500997642 0.0 0.00149504765464 0.0 0.000704721634954 0.0
2018-1-12 0.000862515094014 0.0 0.0035218562254 0.0 0.00163532297629 0.0 0.0 0.0
2018-1-13 0.00134340890008 0.0 0.00178372352285 0.0 0.0012267788293 0.0 0.0 0.0
2018-1-14 0.0014061401453 0.0 0.00386674598453 0.0 0.000264270613108 0.0 0.0 0.0
2018-1-15 0.0 0.0 0.00386507378777 0.0 0.000794912559618 0.0 0.0 0.0
2018-1-16 0.00152542372881 0.0 0.00266607420573 0.0 0.00101688021151 0.0 0.0 0.0
2018-1-17 0.00126057986674 0.0 0.00301789178702 0.0 0.0011460004584 0.0 0.0 0.0
2018-1-18 0.00125786163522 0.0 0.00412121212121 0.0 0.000713775874375 0.0 0.00082850041425 0.0
2018-1-19 0.0012654223347 0.0 0.00424989375266 0.0 0.000977517106549 0.0 0.0 0.0
2018-1-20 0.00127970749543 0.0 0.00320586214793 0.0 0.000858074480865 0.0 0.0 0.0
2018-1-21 0.00133868808568 0.0 0.00198659051403 0.0 0.000174916914466 0.0 0.0 0.0
2018-1-22 0.00129310344828 0.0 0.00166620383227 0.0 0.00225733634312 0.0 0.0 0.0
2018-1-23 0.0 0.0 0.0 0.0 0.0 0.0 0.0 0.0
2018-1-24 0.0 0.0 0.0 0.0 0.0 0.0 0.0 0.0
2018-1-25 0.0 0.0 0.0 0.0 0.0 0.0 0.0 0.0
