2017-9-29 0.0107238605898 0.0 0.0406976744186 0.0 0.0 0.0 0.0 0.0
2017-9-30 0.019019019019 0.0 0.0812101910828 0.031746031746 0.0151515151515 0.0 0.0526315789474 0.0
2017-10-1 0.00982142857143 0.0 0.0445544554455 0.0322580645161 0.0117647058824 0.0 0.0 0.0
2017-10-2 0.00391717963067 0.0 0.0177083333333 0.0 0.0 0.0 0.0 0.0
2017-10-3 0.00266844563042 0.0 0.00702247191011 0.0 0.0 0.0 0.0 0.0
2017-10-4 0.00130208333333 0.0 0.0065264684554 0.00684931506849 0.00149700598802 0.0 0.0 0.0
2017-10-5 0.00275798666973 0.0 0.00478125747071 0.00487804878049 0.00120192307692 0.0 0.0 0.0
2017-10-6 0.000839865621501 0.0 0.00129617627997 0.0 0.0 0.0 0.0 0.0
2017-10-7 0.000512557662737 0.0 0.00123228589033 0.0 0.0025641025641 0.0 0.0 0.0
2017-10-8 0.00180505415162 0.0 0.000524383848977 0.0 0.00176991150442 0.0 0.0 0.0
2017-10-9 0.000746083063914 0.0 0.000325732899023 0.0 0.00120627261761 0.0 0.0 0.0
2017-10-10 0.000207168013259 0.0 0.0 0.0 0.0 0.0 0.0 0.0
2017-10-11 0.000416666666667 0.0 0.000403714170367 0.0 0.0 0.0 0.0 0.0
2017-10-12 0.000248570718369 0.0 0.000261643118786 0.0 0.0 0.0 0.0 0.0
2017-10-13 0.000596480763495 0.0 0.000799360511591 0.0 0.00179211469534 0.0 0.0 0.0
2017-10-14 0.0 0.0 0.00143472022956 0.0 0.002849002849 0.0 0.0 0.0
2017-10-15 0.000433839479393 0.0 0.000454959053685 0.0 0.0 0.0 0.0 0.0
2017-10-16 0.000262191924489 0.0 0.000962463907603 0.00657894736842 0.0 0.0 0.0 0.0
2017-10-17 0.0 0.0 0.000787711697519 0.0 0.0 0.0 0.0 0.0
2017-10-18 0.0 0.0 0.000947567909033 0.0 0.00098231827112 0.0 0.0 0.0
2017-10-19 0.000230574129583 0.0 0.00107089312487 0.0 0.0 0.0 0.0 0.0
2017-10-20 0.000294464075383 0.0 0.00031887755102 0.0 0.0 0.0 0.0 0.0
2017-10-21 0.0 0.0 0.0 0.00689655172414 0.0 0.0 0.0 0.0
2017-10-22 0.000342935528121 0.0 0.000811688311688 0.00558659217877 0.0 0.0 0.0 0.0
2017-10-23 0.000422922393741 0.0 0.000622277535781 0.0 0.000987166831194 0.0 0.0 0.0
2017-10-24 0.000197511356903 0.0 0.000597133757962 0.00423728813559 0.0 0.0 0.0 0.0
2017-10-25 0.000266311584554 0.0 0.00081654872074 0.0 0.00243902439024 0.0 0.0 0.0
2017-10-26 0.000540540540541 0.0 0.000277392510402 0.0 0.0 0.0 0.0 0.0
2017-10-27 0.0 0.0 0.0004095004095 0.0 0.0 0.0 0.0 0.0
2017-10-28 0.0 0.0 0.00116504854369 0.0 0.0 0.0 0.0 0.0
2017-10-29 0.000284010224368 0.0 0.0 0.0 0.00111773472429 0.0 0.0 0.0
2017-10-30 0.000537345513165 0.0 0.00091519219036 0.0 0.000256476019492 0.0 0.0 0.0
2017-10-31 0.000694565028651 0.0 0.000544959128065 0.0 0.000842105263158 0.0 0.0 0.0
2017-11-1 0.000391772771792 0.0 0.000301841231512 0.0 0.000541858574912 0.0 0.0 0.0
2017-11-2 0.000186846038864 0.0 0.00109920307777 0.0 0.000194931773879 0.00115740740741 0.0 0.0
2017-11-3 0.00109869987182 0.0 0.00170212765957 0.0 0.00144466917076 0.0 0.0 0.0
2017-11-4 0.00121654501217 0.0 0.00103806228374 0.0 0.000470035252644 0.0 0.0 0.0
2017-11-5 0.00151810887009 0.0 0.000658761528327 0.00613496932515 0.00123183050012 0.00198807157058 0.000965250965251 0.0
2017-11-6 0.000645369474024 0.0 0.00102616726526 0.0049504950495 0.000745341614907 0.000990099009901 0.0 0.0
2017-11-7 0.000616808018504 0.0 0.00126326427489 0.00478468899522 0.00104739460592 0.0 0.0 0.0
2017-11-8 0.000964320154291 0.0 0.00104329681794 0.0 0.00131613582522 0.0 0.0 0.0
2017-11-9 0.00113426910535 0.0 0.00173010380623 0.00369003690037 0.000519300675091 0.0 0.0 0.0
2017-11-10 0.0010752688172 0.0 0.000382189948404 0.00361010830325 0.000795418390073 0.0 0.0 0.0
2017-11-11 0.000613999181334 0.0 0.00257142857143 0.0106951871658 0.0011909487892 0.0 0.0 0.0
2017-11-12 0.00130645763345 0.0 0.00102197240675 0.0123456790123 0.000920640765973 0.0 0.0 0.0
2017-11-13 0.00117612466921 0.0 0.0013434841021 0.0084388185654 0.00149925037481 0.00093896713615 0.0 0.0
2017-11-14 0.00104151167981 0.0 0.00172754195459 0.0 0.00188481675393 0.0 0.0 0.0
2017-11-15 0.000403985995152 0.0 0.00107851596204 0.0 0.000367985280589 0.000848176420696 0.000572082379863 0.0
2017-11-16 0.000409276944065 0.0 0.000853424365266 0.0 0.00168728908886 0.0 0.0 0.0
2017-11-17 0.000706214689266 0.0 0.000886524822695 0.0 0.0005359056806 0.000918273645546 0.0 0.0
2017-11-18 0.000456100342075 0.0 0.000685400959561 0.0 0.0019042437432 0.00166112956811 0.0 0.0
2017-11-19 0.00127194098194 0.0 0.00214745884037 0.00636942675159 0.00123092072871 0.0 0.0 0.0
2017-11-20 0.000593471810089 0.0 0.00135272235374 0.0 0.00172294968987 0.0 0.0 0.0
2017-11-21 0.000401203610832 0.0 0.00104931794334 0.0 0.00166666666667 0.0 0.0 0.0
2017-11-22 0.000590841949778 0.0 0.00142213794738 0.00438596491228 0.00179051029543 0.0 0.0 0.0
2017-11-23 0.000601684717208 0.0 0.0011893434824 0.0 0.00177444794953 0.0 0.0 0.0
2017-11-24 0.000146886016451 0.0 0.00225687320476 0.0 0.00168996773698 0.0 0.0 0.0
2017-11-25 0.000575705238918 0.0 0.000554016620499 0.0 0.00107142857143 0.0 0.0 0.0
2017-11-26 0.000157282164203 0.0 0.00208381569808 0.00442477876106 0.00243343830518 0.00188679245283 0.0 0.0
2017-11-27 0.000429491768074 0.0 0.00060350030175 0.0 0.00149225890692 0.000766871165644 0.0 0.0
2017-11-28 0.000637958532695 0.0 0.00193798449612 0.0 0.00152273221666 0.0 0.0 0.0
2017-11-29 0.000185288123031 0.0 0.000811907983762 0.0 0.00120955548836 0.0 0.0 0.0
2017-11-30 0.000155255395125 0.0 0.000726392251816 0.0 0.00156067108857 0.0 0.0 0.0
2017-12-1 0.00108292079208 0.0 0.00120943358194 0.0 0.00171200304356 0.0 0.0 0.0
2017-12-2 0.00110399646721 0.0 0.000933416303671 0.0 0.00262655205349 0.00187617260788 0.0 0.0
2017-12-3 0.000367714653429 0.0 0.00142891164563 0.00454545454545 0.0014313830739 0.0 0.0 0.0
2017-12-4 0.000302709247768 0.0 0.00190234622701 0.0 0.000671291116581 0.0 0.0 0.0
2017-12-5 0.000765696784074 0.0 0.00163785259327 0.00367647058824 0.00115990057995 0.0 0.0 0.0
2017-12-6 0.000616617851087 0.0 0.0013501350135 0.0 0.00156924284033 0.0 0.0 0.0
2017-12-7 0.000226551880381 0.0 0.00160256410256 0.0 0.000629921259843 0.0 0.0 0.0
2017-12-8 0.000630815328812 0.0 0.00165975103734 0.0 0.00177409816677 0.0 0.0 0.0
2017-12-9 0.000367039823821 0.0 0.00100225507392 0.0 0.000740192450037 0.0 0.0 0.0
2017-12-10 0.000597133757962 0.0 0.000263157894737 0.0 0.00148336511973 0.0 0.0 0.0
2017-12-11 0.000557103064067 0.0 0.00104693770721 0.0 0.00261096605744 0.0 0.0 0.0
2017-12-12 0.00106791969244 0.0 0.00148192056906 0.0 0.00232761128891 0.00163132137031 0.0 0.0
2017-12-13 0.000182415176943 0.0 0.000743310208127 0.0 0.00124409056979 0.0 0.0 0.0
2017-12-14 0.000973709834469 0.0 0.000460829493088 0.0 0.00046992481203 0.00290697674419 0.0 0.0
2017-12-15 0.00067521944632 0.0 0.00266429840142 0.0 0.00326264274062 0.0 0.0 0.0
2017-12-16 0.00119736579525 0.0 0.00119976004799 0.0 0.000621375310688 0.00214132762313 0.0 0.0
2017-12-17 0.0015816528272 0.0 0.00200601805416 0.0103092783505 0.000812347684809 0.0 0.0 0.0
2017-12-18 0.00126742712294 0.0 0.0018898488121 0.0 0.00116720163408 0.0 0.0 0.0
2017-12-19 0.00116530714167 0.0 0.00238095238095 0.0 0.00155763239875 0.0 0.0 0.0
2017-12-20 0.000720980533526 0.0 0.00138230647709 0.00350877192982 0.0020093770931 0.0 0.0 0.0
2017-12-21 0.000975768417629 0.0 0.00193470374849 0.0 0.00220872446162 0.000979431929481 0.0 0.0
2017-12-22 0.00195488721805 0.0 0.00242816673412 0.0 0.0033426183844 0.0 0.0 0.0
2017-12-23 0.00174216027875 0.0 0.00119856172593 0.00617283950617 0.00172067679954 0.0 0.0 0.0
2017-12-24 0.000517598343685 0.0 0.00350631136045 0.0135135135135 0.00240096038415 0.0 0.0 0.0
2017-12-25 0.000372856077554 0.0 0.00169875424689 0.0 0.00274473924977 0.0 0.0 0.0
2017-12-26 0.000930405656866 0.0 0.00101703534198 0.0 0.00265472042476 0.00199203187251 0.0 0.0
2017-12-27 0.000567375886525 0.0 0.00164690382082 0.00877192982456 0.00328282828283 0.00215517241379 0.00223713646532 0.0
2017-12-28 0.00112089671737 0.0 0.00178062678063 0.00357142857143 0.00185701021356 0.0 0.0 0.0
2017-12-29 0.00177147918512 0.0 0.00225275963055 0.0 0.00238426385853 0.0 0.0 0.0
2017-12-30 0.0012084592145 0.0 0.00105559465165 0.0 0.00289435600579 0.0 0.0 0.0
2017-12-31 0.00318696883853 0.0 0.00191277735272 0.0 0.0018018018018 0.0 0.0 0.0
2018-1-1 0.0 0.0 0.0 0.0 0.0204081632653 0.0 0.0 0.0
2018-1-2 0.0 0.0 0.0 0.0 0.0 0.0 0.0 0.0
2018-1-3 0.0 0.0 0.0 0.0 0.0 0.0 0.0 0.0
2018-1-4 0.0 0.0 0.0 0.0 0.0 0.0 0.0 0.0
2018-1-5 0.0 0.0 0.0 0.0 0.0 0.0 0.0 0.0
2018-1-6 0.00136472193791 0.0 0.00111898545319 0.0 0.0034030140982 0.0 0.0 0.0
2018-1-7 0.000352982703848 0.0 0.00185185185185 0.0175438596491 0.00461893764434 0.0 0.0 0.0
2018-1-8 0.00107671601615 0.0 0.000665778961385 0.0 0.00338218714769 0.00212314225053 0.00255754475703 0.0
2018-1-9 0.00151006711409 0.0 0.00350587750052 0.0 0.00259179265659 0.0 0.0 0.0
2018-1-10 0.00157201807821 0.0 0.00253613999493 0.0 0.00348806010196 0.0 0.0 0.0
2018-1-11 0.00198272199405 0.0 0.00235806276075 0.003861003861 0.0024294524388 0.000884955752212 0.0 0.0
2018-1-12 0.00103501811282 0.0 0.00248601615911 0.00460829493088 0.00245298446443 0.0 0.0 0.0
2018-1-13 0.00218303946264 0.0 0.00334448160535 0.0042194092827 0.00297932001402 0.00148148148148 0.0 0.0
2018-1-14 0.00187485352707 0.0 0.00178465199286 0.00555555555556 0.00264270613108 0.0 0.0 0.0
2018-1-15 0.00214921707092 0.0 0.00175685172171 0.0 0.00317965023847 0.0 0.0 0.0
2018-1-16 0.000677966101695 0.0 0.00177738280382 0.0 0.00203376042302 0.0 0.0 0.0
2018-1-17 0.00108049702863 0.0 0.00215563699073 0.00487804878049 0.00275040110016 0.0012315270936 0.0 0.0
2018-1-18 0.0010781671159 0.0 0.00315151515152 0.0 0.00190340233167 0.0 0.0 0.0
2018-1-19 0.00173995571022 0.0 0.0019124521887 0.0 0.00312805474096 0.0 0.0 0.0
2018-1-20 0.00292504570384 0.0 0.00114495076712 0.0 0.00240260854642 0.0 0.000658761528327 0.0
2018-1-21 0.00152992924077 0.0 0.000993295257015 0.0 0.00297358754592 0.0 0.0 0.0
2018-1-22 0.00172413793103 0.0 0.000833101916134 0.0 0.00193485972267 0.0 0.0 0.0
2018-1-23 0.0 0.0 0.0 0.0 0.0 0.0 0.0 0.0
2018-1-24 0.0 0.0 0.0 0.0 0.0 0.0 0.0 0.0
2018-1-25 0.0 0.0 0.0 0.0 0.0 0.0 0.0 0.0
