data loaded
filtering
agent [4540, 2722, 2695, 2320, 2266, 2193, 2368, 2156, 1981, 1827, 1703, 1445, 1493, 1684, 1510, 1327, 1319, 1276, 1125, 1105, 1154, 1082, 1006, 899, 857, 889, 904, 901, 844, 764, 707, 690, 678, 656, 661, 630, 575, 517, 535, 479, 482, 486, 444, 420, 428, 374, 344, 350, 368, 346, 261, 267, 251, 263, 244, 257, 252, 201, 168, 171, 151, 178, 157, 152, 140, 116, 121, 115, 146, 121, 89, 81, 65, 71, 52, 53, 47, 32, 34, 20, 26, 25, 25, 19, 25, 5, 7, 4, 2, 1, 0, 0, 0, 0, 0, 0, 0, 0, 0, 0, 0, 0, 0]
accept [871, 825, 902, 1008, 1102, 878, 960, 777, 729, 651, 701, 693, 716, 819, 750, 565, 584, 517, 489, 536, 633, 563, 489, 438, 338, 287, 268, 285, 253, 206, 212, 204, 246, 258, 262, 247, 208, 203, 228, 218, 214, 232, 209, 173, 205, 165, 159, 179, 176, 186, 164, 170, 164, 162, 156, 195, 198, 167, 162, 154, 138, 169, 167, 162, 140, 146, 153, 152, 184, 159, 120, 102, 86, 95, 74, 67, 69, 47, 42, 27, 35, 28, 31, 22, 26, 9, 8, 6, 3, 1, 0, 0, 0, 0, 0, 0, 0, 0, 0, 0, 0, 0, 0]
encoding [125, 59, 47, 33, 38, 25, 37, 24, 19, 22, 27, 20, 19, 17, 10, 15, 16, 17, 13, 17, 21, 19, 16, 16, 13, 11, 13, 16, 13, 9, 6, 13, 8, 6, 8, 6, 3, 4, 4, 4, 10, 6, 5, 6, 7, 8, 2, 5, 1, 5, 4, 4, 6, 3, 5, 2, 6, 4, 1, 2, 4, 2, 3, 5, 4, 1, 2, 1, 4, 2, 3, 2, 2, 1, 1, 1, 1, 0, 0, 3, 0, 0, 0, 0, 0, 0, 0, 0, 0, 0, 0, 0, 0, 0, 0, 0, 0, 0, 0, 0, 0, 0, 0]
language [779, 168, 151, 103, 80, 89, 97, 74, 55, 56, 55, 41, 43, 35, 40, 41, 37, 36, 27, 33, 34, 37, 28, 29, 19, 29, 21, 29, 31, 22, 19, 24, 20, 17, 27, 21, 15, 16, 19, 11, 12, 20, 17, 12, 15, 14, 10, 18, 7, 12, 10, 10, 8, 5, 10, 6, 12, 7, 8, 8, 5, 9, 8, 7, 11, 2, 7, 5, 5, 5, 5, 5, 3, 2, 4, 2, 2, 1, 2, 4, 1, 0, 0, 0, 0, 0, 1, 1, 0, 0, 0, 0, 0, 0, 0, 0, 0, 0, 0, 0, 0, 0, 0]
timezone [166, 94, 123, 90, 80, 57, 69, 60, 53, 44, 46, 48, 38, 33, 37, 24, 32, 27, 28, 29, 32, 22, 21, 19, 20, 11, 19, 15, 10, 14, 22, 11, 10, 7, 9, 10, 15, 9, 2, 7, 5, 7, 6, 8, 9, 5, 8, 6, 5, 2, 3, 6, 6, 2, 9, 0, 1, 1, 2, 1, 4, 5, 3, 1, 4, 1, 0, 4, 3, 2, 3, 1, 1, 2, 4, 0, 1, 1, 2, 1, 1, 2, 1, 0, 0, 0, 1, 1, 0, 0, 0, 0, 0, 0, 0, 0, 0, 0, 0, 0, 0, 0, 0]
plugins [14695, 618, 357, 302, 232, 203, 260, 187, 137, 83, 90, 94, 103, 98, 72, 68, 64, 54, 55, 51, 57, 46, 31, 39, 44, 39, 39, 37, 39, 25, 30, 34, 18, 22, 22, 26, 26, 15, 21, 18, 18, 20, 13, 14, 22, 13, 14, 15, 10, 14, 12, 9, 10, 4, 12, 8, 9, 6, 10, 8, 4, 7, 6, 10, 6, 1, 6, 2, 6, 6, 7, 6, 4, 1, 3, 2, 2, 5, 0, 1, 4, 0, 0, 1, 1, 0, 0, 0, 0, 1, 0, 0, 0, 0, 0, 0, 0, 0, 0, 0, 0, 0, 0]
cookie [156, 30, 28, 29, 26, 25, 15, 15, 11, 9, 10, 11, 10, 7, 12, 9, 9, 9, 6, 11, 8, 11, 2, 6, 3, 5, 12, 3, 10, 1, 4, 6, 10, 4, 2, 8, 8, 2, 2, 5, 0, 3, 1, 4, 2, 3, 0, 1, 5, 2, 2, 3, 1, 2, 1, 1, 0, 2, 3, 0, 0, 1, 0, 2, 3, 0, 1, 1, 1, 4, 1, 0, 0, 0, 0, 1, 1, 1, 1, 0, 0, 0, 0, 1, 0, 0, 0, 0, 0, 1, 0, 0, 0, 0, 0, 0, 0, 0, 0, 0, 0, 0, 0]
WebGL [0, 0, 0, 0, 0, 0, 0, 0, 0, 0, 0, 0, 0, 0, 0, 0, 0, 0, 0, 0, 0, 0, 0, 0, 0, 0, 0, 0, 0, 0, 0, 0, 0, 0, 0, 0, 0, 0, 0, 0, 0, 0, 0, 0, 0, 0, 0, 0, 0, 0, 0, 0, 0, 0, 0, 0, 0, 0, 0, 0, 0, 0, 0, 0, 0, 0, 0, 0, 0, 0, 0, 0, 0, 0, 0, 0, 0, 0, 0, 0, 0, 0, 0, 0, 0, 0, 0, 0, 0, 0, 0, 0, 0, 0, 0, 0, 0, 0, 0, 0, 0, 0, 0]
localstorage [111, 38, 47, 31, 31, 38, 27, 15, 16, 16, 14, 14, 12, 13, 17, 15, 16, 18, 12, 8, 9, 10, 6, 12, 10, 9, 12, 7, 15, 0, 9, 9, 13, 8, 10, 12, 8, 2, 3, 6, 2, 4, 1, 7, 5, 5, 1, 3, 6, 1, 3, 4, 2, 4, 2, 3, 1, 1, 3, 0, 0, 2, 1, 2, 1, 0, 2, 2, 1, 6, 3, 0, 1, 1, 0, 1, 1, 1, 1, 0, 0, 0, 1, 2, 0, 0, 0, 0, 0, 1, 0, 0, 0, 0, 0, 0, 0, 0, 0, 0, 0, 0, 0]
fp2_addbehavior [0, 0, 0, 0, 0, 0, 0, 0, 0, 0, 0, 0, 0, 0, 0, 0, 0, 0, 0, 0, 0, 0, 0, 0, 0, 0, 0, 0, 0, 0, 0, 0, 0, 0, 0, 0, 0, 0, 0, 0, 0, 0, 0, 0, 0, 0, 0, 0, 0, 0, 0, 0, 0, 0, 0, 0, 0, 0, 0, 0, 0, 0, 0, 0, 0, 0, 0, 0, 0, 0, 0, 0, 0, 0, 0, 0, 0, 0, 0, 0, 0, 0, 0, 0, 0, 0, 0, 0, 0, 0, 0, 0, 0, 0, 0, 0, 0, 0, 0, 0, 0, 0, 0]
fp2_opendatabase [0, 0, 0, 0, 0, 0, 0, 0, 0, 0, 0, 0, 0, 0, 0, 0, 0, 0, 0, 0, 0, 0, 0, 0, 0, 0, 0, 0, 0, 0, 0, 0, 0, 0, 0, 0, 0, 0, 0, 0, 0, 0, 0, 0, 0, 0, 0, 0, 0, 0, 0, 0, 0, 0, 0, 0, 0, 0, 0, 0, 0, 0, 0, 0, 0, 0, 0, 0, 0, 0, 0, 0, 0, 0, 0, 0, 0, 0, 0, 0, 0, 0, 0, 0, 0, 0, 0, 0, 0, 0, 0, 0, 0, 0, 0, 0, 0, 0, 0, 0, 0, 0, 0]
langsdetected [486, 83, 67, 39, 42, 27, 40, 35, 21, 14, 15, 15, 18, 20, 15, 11, 3, 16, 11, 17, 12, 9, 9, 4, 10, 5, 8, 5, 10, 4, 0, 9, 10, 7, 11, 10, 5, 3, 7, 3, 5, 3, 2, 4, 5, 5, 9, 6, 5, 4, 4, 3, 3, 2, 2, 3, 3, 1, 2, 1, 0, 1, 1, 3, 2, 1, 0, 0, 1, 0, 2, 0, 3, 0, 1, 0, 0, 0, 1, 0, 2, 0, 0, 0, 0, 0, 0, 0, 0, 0, 0, 0, 0, 0, 0, 0, 0, 0, 0, 0, 0, 0, 0]
jsFonts [31852, 2526, 1752, 1252, 1043, 959, 939, 780, 560, 488, 440, 398, 413, 466, 394, 331, 357, 316, 296, 271, 292, 304, 252, 246, 258, 203, 270, 269, 247, 160, 172, 188, 163, 180, 195, 177, 154, 118, 132, 107, 126, 138, 123, 114, 108, 109, 85, 83, 95, 94, 75, 75, 65, 59, 69, 83, 88, 61, 48, 32, 36, 57, 45, 47, 28, 25, 21, 24, 30, 26, 26, 26, 26, 14, 10, 16, 12, 9, 8, 4, 11, 3, 10, 4, 5, 1, 2, 3, 1, 1, 0, 0, 0, 0, 0, 0, 0, 0, 0, 0, 0, 0, 0]
canvastest [11278, 1399, 938, 736, 565, 450, 431, 397, 319, 278, 246, 205, 209, 184, 172, 148, 135, 119, 113, 121, 140, 115, 111, 97, 96, 77, 97, 92, 90, 88, 80, 86, 65, 45, 53, 70, 47, 57, 54, 44, 53, 50, 48, 51, 45, 39, 45, 30, 29, 43, 22, 27, 23, 29, 18, 23, 20, 22, 18, 16, 19, 19, 25, 19, 18, 19, 14, 15, 18, 14, 15, 13, 13, 12, 5, 7, 9, 7, 7, 5, 4, 1, 1, 4, 1, 1, 0, 1, 1, 0, 0, 0, 0, 0, 0, 0, 0, 0, 0, 0, 0, 0, 0]
inc [0, 0, 0, 0, 0, 0, 0, 0, 0, 0, 0, 0, 0, 0, 0, 0, 0, 0, 0, 0, 0, 0, 0, 0, 0, 0, 0, 0, 0, 0, 0, 0, 0, 0, 0, 0, 0, 0, 0, 0, 0, 0, 0, 0, 0, 0, 0, 0, 0, 0, 0, 0, 0, 0, 0, 0, 0, 0, 0, 0, 0, 0, 0, 0, 0, 0, 0, 0, 0, 0, 0, 0, 0, 0, 0, 0, 0, 0, 0, 0, 0, 0, 0, 0, 0, 0, 0, 0, 0, 0, 0, 0, 0, 0, 0, 0, 0, 0, 0, 0, 0, 0, 0]
gpu [200, 26, 23, 21, 21, 12, 12, 20, 12, 7, 8, 9, 8, 3, 8, 6, 9, 4, 5, 6, 8, 3, 3, 2, 1, 1, 3, 6, 7, 3, 5, 4, 1, 2, 1, 4, 1, 1, 4, 2, 3, 2, 0, 3, 0, 1, 2, 0, 0, 0, 0, 1, 3, 0, 1, 2, 1, 0, 1, 1, 1, 1, 1, 0, 0, 4, 0, 3, 0, 2, 0, 2, 1, 0, 0, 0, 0, 0, 1, 0, 2, 0, 0, 0, 0, 0, 1, 0, 0, 0, 0, 0, 0, 0, 0, 0, 0, 0, 0, 0, 0, 0, 0]
gpuimgs [551286, 22403, 14370, 9723, 7616, 6205, 5646, 4798, 3738, 3277, 2772, 2314, 2107, 2058, 1840, 1578, 1543, 1419, 1224, 1163, 1177, 1015, 908, 863, 843, 853, 804, 813, 773, 660, 574, 555, 583, 499, 545, 529, 445, 398, 422, 371, 366, 369, 310, 319, 311, 272, 243, 259, 239, 246, 198, 189, 193, 201, 169, 189, 175, 143, 131, 104, 91, 103, 117, 97, 91, 88, 78, 71, 97, 74, 61, 51, 47, 50, 42, 27, 29, 27, 25, 12, 20, 13, 13, 11, 11, 3, 4, 2, 2, 1, 0, 0, 0, 0, 0, 0, 0, 0, 0, 0, 0, 0, 0]
cpucores [0, 0, 0, 0, 0, 0, 0, 0, 0, 0, 0, 0, 0, 0, 0, 0, 0, 0, 0, 0, 0, 0, 0, 0, 0, 0, 0, 0, 0, 0, 0, 0, 0, 0, 0, 0, 0, 0, 0, 0, 0, 0, 0, 0, 0, 0, 0, 0, 0, 0, 0, 0, 0, 0, 0, 0, 0, 0, 0, 0, 0, 0, 0, 0, 0, 0, 0, 0, 0, 0, 0, 0, 0, 0, 0, 0, 0, 0, 0, 0, 0, 0, 0, 0, 0, 0, 0, 0, 0, 0, 0, 0, 0, 0, 0, 0, 0, 0, 0, 0, 0, 0, 0]
audio [73902, 1719, 1054, 756, 579, 475, 430, 367, 288, 227, 203, 186, 180, 156, 127, 116, 124, 109, 102, 94, 90, 86, 63, 71, 70, 75, 68, 86, 58, 50, 48, 40, 41, 41, 50, 48, 32, 22, 19, 24, 29, 25, 13, 22, 22, 19, 18, 18, 21, 27, 18, 15, 14, 11, 10, 21, 12, 12, 7, 13, 10, 9, 16, 12, 7, 3, 7, 5, 14, 15, 3, 8, 3, 5, 4, 2, 5, 3, 0, 3, 2, 0, 1, 0, 1, 1, 0, 0, 0, 0, 0, 0, 0, 0, 0, 0, 0, 0, 0, 0, 0, 0, 0]
fp2_cpuclass [0, 0, 0, 0, 0, 0, 0, 0, 0, 0, 0, 0, 0, 0, 0, 0, 0, 0, 0, 0, 0, 0, 0, 0, 0, 0, 0, 0, 0, 0, 0, 0, 0, 0, 0, 0, 0, 0, 0, 0, 0, 0, 0, 0, 0, 0, 0, 0, 0, 0, 0, 0, 0, 0, 0, 0, 0, 0, 0, 0, 0, 0, 0, 0, 0, 0, 0, 0, 0, 0, 0, 0, 0, 0, 0, 0, 0, 0, 0, 0, 0, 0, 0, 0, 0, 0, 0, 0, 0, 0, 0, 0, 0, 0, 0, 0, 0, 0, 0, 0, 0, 0, 0]
fp2_colordepth [149, 153, 170, 139, 121, 110, 114, 113, 97, 91, 94, 85, 66, 65, 67, 59, 63, 63, 47, 60, 53, 45, 49, 39, 28, 28, 20, 30, 35, 32, 24, 18, 19, 31, 9, 29, 16, 29, 34, 21, 26, 25, 15, 10, 22, 19, 20, 21, 23, 23, 15, 18, 23, 23, 19, 19, 11, 18, 14, 11, 16, 14, 16, 12, 13, 16, 21, 13, 17, 13, 9, 9, 8, 12, 9, 8, 6, 5, 2, 3, 6, 5, 4, 2, 2, 2, 3, 1, 0, 0, 0, 0, 0, 0, 0, 0, 0, 0, 0, 0, 0, 0, 0]
fp2_pixelratio [19114, 1025, 638, 441, 421, 329, 329, 263, 198, 175, 168, 114, 117, 124, 101, 90, 91, 77, 92, 70, 77, 67, 72, 58, 55, 57, 57, 58, 66, 40, 34, 56, 28, 42, 38, 37, 25, 29, 29, 26, 30, 28, 24, 24, 24, 21, 24, 17, 19, 18, 18, 10, 17, 10, 10, 21, 17, 6, 10, 9, 5, 13, 8, 9, 9, 4, 6, 4, 6, 5, 3, 5, 9, 5, 4, 1, 3, 3, 2, 1, 3, 1, 3, 0, 2, 0, 1, 2, 0, 0, 0, 0, 0, 0, 0, 0, 0, 0, 0, 0, 0, 0, 0]
ipcity [32763, 23537, 15511, 10795, 8643, 6887, 6084, 5139, 4317, 3853, 3289, 2680, 2552, 2405, 2162, 1857, 1858, 1650, 1499, 1362, 1293, 1188, 1149, 1057, 1050, 1013, 1020, 941, 857, 827, 744, 744, 682, 634, 672, 622, 545, 474, 484, 449, 432, 408, 388, 372, 373, 293, 291, 294, 292, 243, 206, 208, 216, 218, 185, 190, 177, 151, 144, 120, 99, 109, 123, 108, 90, 104, 95, 90, 107, 84, 65, 55, 53, 52, 45, 35, 27, 28, 17, 20, 19, 16, 15, 8, 10, 5, 4, 3, 1, 0, 0, 0, 0, 0, 0, 0, 0, 0, 0, 0, 0, 0, 0]
ipregion [21267, 14381, 9497, 6596, 5320, 4162, 3724, 3121, 2647, 2401, 2091, 1649, 1556, 1504, 1354, 1179, 1131, 1020, 931, 846, 807, 742, 706, 634, 660, 639, 633, 581, 524, 493, 445, 454, 437, 379, 406, 357, 337, 276, 304, 285, 277, 254, 236, 234, 237, 182, 167, 187, 165, 158, 139, 139, 131, 142, 113, 119, 112, 91, 99, 74, 67, 65, 72, 66, 65, 70, 52, 56, 65, 55, 47, 28, 33, 36, 28, 19, 18, 15, 8, 15, 11, 10, 14, 4, 6, 1, 3, 2, 1, 0, 0, 0, 0, 0, 0, 0, 0, 0, 0, 0, 0, 0, 0]
ipcountry [1255, 524, 407, 296, 273, 228, 220, 158, 142, 138, 123, 107, 105, 83, 93, 85, 71, 61, 69, 60, 62, 46, 38, 42, 46, 31, 36, 29, 34, 24, 31, 25, 29, 20, 29, 25, 24, 20, 10, 13, 14, 17, 13, 12, 14, 17, 14, 12, 6, 11, 7, 6, 3, 4, 9, 5, 5, 7, 6, 3, 4, 3, 8, 2, 1, 2, 2, 3, 5, 0, 3, 0, 4, 4, 4, 0, 1, 1, 1, 0, 1, 0, 1, 0, 1, 0, 1, 0, 0, 0, 0, 0, 0, 0, 0, 0, 0, 0, 0, 0, 0, 0, 0]
fp2_liedlanguages [4330, 1229, 843, 513, 420, 351, 285, 241, 235, 179, 154, 116, 92, 105, 102, 82, 78, 82, 76, 55, 49, 57, 55, 48, 47, 45, 52, 53, 49, 28, 24, 43, 32, 24, 23, 21, 19, 25, 23, 29, 19, 19, 12, 19, 15, 13, 18, 10, 17, 6, 11, 8, 14, 13, 7, 7, 7, 8, 7, 5, 4, 3, 10, 3, 7, 2, 6, 2, 3, 2, 6, 1, 1, 3, 1, 2, 3, 3, 0, 1, 0, 1, 0, 0, 0, 0, 0, 0, 0, 0, 0, 0, 0, 0, 0, 0, 0, 0, 0, 0, 0, 0, 0]
fp2_liedresolution [745, 274, 148, 106, 100, 71, 56, 47, 47, 44, 24, 26, 23, 17, 25, 20, 14, 14, 17, 12, 13, 18, 10, 6, 15, 9, 10, 4, 5, 9, 11, 9, 4, 5, 6, 12, 5, 4, 1, 1, 6, 4, 5, 6, 3, 3, 5, 2, 2, 2, 1, 4, 1, 2, 2, 1, 1, 3, 0, 1, 1, 1, 1, 1, 0, 0, 2, 0, 1, 0, 2, 0, 3, 0, 0, 0, 0, 0, 1, 0, 0, 0, 0, 0, 0, 0, 0, 0, 0, 0, 0, 0, 0, 0, 0, 0, 0, 0, 0, 0, 0, 0, 0]
fp2_liedos [1580, 92, 73, 47, 58, 40, 47, 22, 14, 17, 13, 14, 10, 11, 10, 8, 11, 6, 10, 12, 5, 10, 7, 6, 3, 5, 6, 7, 4, 1, 1, 6, 4, 2, 1, 6, 4, 5, 5, 2, 3, 1, 1, 1, 0, 0, 4, 1, 0, 0, 1, 2, 0, 1, 2, 3, 1, 4, 0, 0, 0, 2, 2, 2, 0, 1, 1, 0, 0, 0, 0, 0, 1, 1, 0, 0, 0, 1, 0, 0, 0, 0, 0, 0, 0, 0, 0, 0, 0, 0, 0, 0, 0, 0, 0, 0, 0, 0, 0, 0, 0, 0, 0]
fp2_liedbrowser [136, 5, 6, 1, 4, 1, 1, 1, 1, 1, 0, 1, 2, 3, 2, 0, 0, 0, 0, 0, 0, 0, 1, 0, 0, 1, 0, 0, 0, 0, 0, 0, 1, 0, 0, 0, 0, 0, 0, 0, 0, 0, 0, 0, 0, 0, 0, 0, 0, 0, 0, 1, 0, 0, 0, 0, 0, 0, 0, 0, 1, 0, 0, 0, 0, 0, 0, 0, 0, 0, 0, 0, 0, 0, 0, 0, 0, 0, 0, 0, 0, 0, 0, 0, 0, 0, 0, 0, 0, 0, 0, 0, 0, 0, 0, 0, 0, 0, 0, 0, 0, 0, 0]
fp2_colordepth 15
encoding 12
jsFonts 1
accept 18
localstorage 11
plugins 1
gpuimgs 1
fp2_pixelratio 1
langsdetected 3
timezone 10
gpu 4
fp2_liedbrowser 1
ipcity 4
agent 15
ipregion 4
canvastest 1
language 7
fp2_liedresolution 3
fp2_liedlanguages 2
cookie 7
audio 1
fp2_liedos 1
ipcountry 5
